1 2 3 26 29 31 +3
1 2 4 5 22 29 +6
1 2 4 5 24 29 +8
1 2 4 9 14 15 +6
1 2 4 9 15 29 +6
1 2 4 10 17 24 +12
1 2 4 13 17 20 +7
1 2 4 15 22 29 +6
1 2 4 16 17 20 +7
1 2 4 16 22 30 +12
1 2 4 22 24 29 +6
1 2 4 22 28 30 +12
1 2 4 22 29 30 +6
1 2 5 11 22 29 +8
1 2 5 11 24 29 +6
1 2 5 12 22 29 +8
1 2 5 12 23 24 +8
1 2 5 12 24 29 +8
1 2 5 13 24 29 +6
1 2 5 13 25 32 +12
1 2 5 13 26 29 +13
1 2 5 15 22 29 +6
1 2 5 16 17 20 +7
1 2 5 16 22 30 +6
1 2 5 16 22 30 +12
1 2 5 16 24 29 +6
1 2 5 16 26 29 +12
1 2 5 17 22 24 +8
1 2 5 17 22 25 +8
1 2 5 17 22 29 +8
1 2 5 17 24 29 +8
1 2 5 18 22 29 +6
1 2 5 20 23 29 +8
1 2 5 20 24 29 +6
1 2 5 20 24 29 +8
1 2 5 20 26 29 +8
1 2 5 22 23 29 +8
1 2 5 22 24 29 +6
1 2 5 22 24 29 +8
1 2 5 22 25 29 +8
1 2 5 22 28 29 +6
1 2 5 22 28 29 +8
1 2 5 22 28 29 +12
1 2 5 22 28 30 +6
1 2 5 22 28 30 +12
1 2 5 22 29 30 +8
1 2 5 22 29 30 +12
1 2 5 22 29 32 +8
1 2 5 22 29 33 +8
1 2 5 23 24 29 +6
1 2 5 24 25 29 +8
1 2 5 24 26 29 +6
1 2 5 24 28 29 +6
1 2 5 26 29 31 +3
1 2 5 26 29 31 +6
1 2 5 28 29 30 +5
1 2 7 8 17 21 +1
1 2 7 8 17 21 +16
1 2 7 16 17 21 +1
1 2 8 22 28 30 +12
1 2 8 28 29 30 +12
1 2 9 11 21 26 +3
1 2 9 11 21 26 +12
1 2 9 11 26 29 +3
1 2 9 11 26 32 +12
1 2 9 11 26 33 +12
1 2 9 14 26 29 +3
1 2 9 21 26 29 +3
1 2 9 22 28 30 +6
1 2 9 22 28 30 +12
1 2 9 24 26 29 +3
1 2 9 26 29 31 +3
1 2 9 28 29 30 +12
1 2 10 12 17 24 +12
1 2 10 17 24 29 +6
1 2 10 22 24 29 +6
1 2 10 22 24 29 +8
1 2 10 22 28 30 +12
1 2 11 21 26 31 +3
1 2 11 22 24 29 +8
1 2 11 26 29 31 +3
1 2 12 15 24 29 +9
1 2 12 15 24 31 +9
1 2 12 22 24 29 +8
1 2 12 22 25 29 +8
1 2 12 23 24 29 +3
1 2 12 23 24 29 +6
1 2 12 23 24 29 +12
1 2 12 24 26 29 +3
1 2 12 24 26 29 +6
1 2 12 24 26 29 +12
1 2 12 24 26 31 +9
1 2 12 26 29 31 +3
1 2 12 26 29 31 +6
1 2 12 26 29 31 +9
1 2 12 26 29 31 +12
1 2 12 26 29 31 +14
1 2 12 26 29 33 +3
1 2 13 16 17 20 +7
1 2 13 16 17 20 +11
1 2 13 19 28 29 +5
1 2 13 20 28 29 +11
1 2 13 22 28 29 +11
1 2 13 22 28 30 +12
1 2 13 22 29 30 +11
1 2 13 25 26 32 +12
1 2 13 28 29 30 +6
1 2 13 28 29 30 +11
1 2 13 28 29 30 +12
1 2 13 28 29 30 +15
1 2 14 22 24 29 +8
1 2 14 23 24 29 +3
1 2 14 24 26 29 +3
1 2 14 26 29 31 +3
1 2 15 16 22 30 +12
1 2 15 22 28 30 +12
1 2 15 22 29 30 +6
1 2 15 26 29 31 +3
1 2 16 18 22 30 +12
1 2 16 18 28 30 +12
1 2 16 22 25 30 +12
1 2 16 22 28 30 +3
1 2 16 22 28 30 +6
1 2 16 22 28 30 +12
1 2 16 22 28 30 +15
1 2 16 22 29 30 +12
1 2 16 28 29 30 +12
1 2 17 22 24 29 +8
1 2 18 22 28 29 +6
1 2 18 22 28 29 +12
1 2 18 22 28 30 +12
1 2 18 22 29 30 +6
1 2 18 28 29 30 +12
1 2 19 26 29 31 +12
1 2 20 22 24 29 +8
1 2 20 26 29 31 +3
1 2 20 28 29 30 +11
1 2 21 26 29 31 +3
1 2 22 23 24 29 +8
1 2 22 24 25 29 +8
1 2 22 24 28 29 +8
1 2 22 24 28 30 +12
1 2 22 24 29 30 +8
1 2 22 24 29 33 +8
1 2 22 26 29 31 +3
1 2 23 24 26 29 +3
1 2 23 26 29 31 +3
1 2 24 26 29 30 +3
1 2 24 26 29 31 +3
1 2 24 26 29 31 +6
1 2 24 26 29 31 +11
1 2 24 26 29 31 +12
1 2 24 26 29 33 +3
1 2 24 28 29 30 +12
1 2 26 28 29 30 +12
1 2 26 29 30 31 +3
1 2 26 29 31 33 +3
1 3 5 13 25 32 +12
1 3 7 13 25 32 +12
1 3 7 16 17 21 +1
1 3 8 24 27 29 +9
1 3 11 21 26 31 +3
1 3 12 23 24 29 +9
1 3 12 24 29 31 +9
1 3 13 15 18 22 +3
1 3 13 15 22 33 +3
1 3 13 22 25 32 +12
1 3 13 25 26 32 +12
1 3 15 18 22 30 +3
1 4 5 9 15 16 +3
1 4 5 16 22 30 +12
1 4 7 16 17 21 +1
1 4 9 13 22 30 +6
1 4 9 14 15 16 +6
1 4 9 14 15 22 +3
1 4 9 14 15 22 +6
1 4 9 14 15 24 +6
1 4 9 14 15 26 +3
1 4 9 14 15 26 +6
1 4 9 14 15 30 +6
1 4 9 14 15 33 +2
1 4 9 14 15 33 +3
1 4 9 14 15 33 +6
1 4 9 15 16 22 +3
1 4 9 15 20 22 +3
1 4 9 15 22 27 +3
1 4 9 15 22 31 +3
1 4 9 16 22 30 +3
1 4 9 16 22 30 +12
1 4 12 13 19 21 +13
1 4 12 19 21 28 +13
1 4 14 15 16 22 +3
1 4 14 15 17 30 +6
1 4 14 15 22 30 +3
1 4 14 15 22 30 +6
1 4 15 16 22 27 +3
1 4 15 16 22 30 +3
1 4 15 16 22 30 +12
1 4 15 16 22 31 +3
1 4 15 22 25 30 +3
1 4 15 22 27 31 +3
1 4 15 22 30 31 +3
1 4 16 18 22 30 +6
1 4 16 18 22 30 +12
1 4 16 22 28 30 +12
1 4 16 22 30 31 +3
1 4 20 23 24 29 +11
1 5 6 7 13 18 +15
1 5 6 7 13 19 +15
1 5 6 12 19 28 +9
1 5 6 13 19 28 +1
1 5 6 13 19 28 +5
1 5 6 13 19 28 +10
1 5 6 13 19 28 +11
1 5 6 13 19 28 +13
1 5 6 13 19 28 +16
1 5 6 14 19 28 +9
1 5 6 14 19 28 +10
1 5 6 19 23 28 +9
1 5 7 8 9 21 +1
1 5 7 8 11 21 +16
1 5 7 8 17 21 +1
1 5 7 8 17 21 +11
1 5 7 8 21 29 +1
1 5 7 11 21 26 +3
1 5 7 13 17 29 +1
1 5 7 13 19 22 +13
1 5 7 13 19 26 +13
1 5 7 13 25 32 +12
1 5 7 16 17 21 +1
1 5 7 17 19 21 +1
1 5 8 11 20 21 +16
1 5 9 11 20 21 +3
1 5 9 11 21 26 +3
1 5 9 13 25 32 +12
1 5 9 13 25 32 +13
1 5 11 20 21 26 +3
1 5 11 20 21 27 +3
1 5 11 20 21 31 +3
1 5 11 21 26 32 +3
1 5 12 13 19 28 +9
1 5 12 15 23 24 +9
1 5 13 14 19 22 +9
1 5 13 14 22 32 +12
1 5 13 14 25 32 +12
1 5 13 14 25 32 +13
1 5 13 19 25 32 +12
1 5 13 22 25 32 +10
1 5 13 22 25 32 +12
1 5 13 22 25 32 +13
1 5 13 22 26 32 +10
1 5 13 22 29 32 +12
1 5 13 22 29 32 +13
1 5 13 24 25 32 +12
1 5 13 25 26 32 +12
1 5 13 25 29 32 +12
1 5 13 25 29 32 +13
1 5 13 25 31 32 +12
1 5 13 25 31 32 +13
1 5 15 16 22 30 +12
1 5 16 18 22 30 +12
1 5 16 22 25 30 +12
1 5 16 22 28 30 +12
1 5 18 22 28 30 +12
1 5 22 28 29 30 +12
1 6 7 13 17 19 +11
1 6 7 16 17 21 +1
1 6 7 17 19 21 +11
1 6 9 13 19 28 +10
1 6 12 13 19 28 +11
1 6 13 17 19 28 +10
1 6 13 17 19 28 +11
1 6 13 19 22 28 +10
1 6 13 19 22 28 +11
1 6 13 19 25 28 +10
1 6 13 19 26 28 +10
1 6 19 22 28 29 +11
1 6 19 25 26 28 +10
1 7 8 11 17 21 +1
1 7 8 11 17 21 +16
1 7 8 11 20 21 +11
1 7 8 12 17 21 +1
1 7 8 12 17 21 +11
1 7 8 16 17 21 +1
1 7 8 16 17 21 +11
1 7 8 16 17 21 +16
1 7 8 16 19 21 +1
1 7 8 16 19 21 +11
1 7 8 16 19 21 +16
1 7 8 16 20 21 +11
1 7 8 16 21 29 +1
1 7 8 17 19 21 +1
1 7 8 17 19 21 +11
1 7 8 17 20 21 +11
1 7 8 17 21 23 +11
1 7 8 17 21 24 +11
1 7 8 17 21 28 +1
1 7 8 17 21 29 +1
1 7 8 17 21 29 +11
1 7 8 19 21 24 +11
1 7 8 19 21 29 +1
1 7 8 19 21 29 +2
1 7 8 20 21 29 +1
1 7 9 11 21 26 +3
1 7 9 16 17 21 +1
1 7 10 16 17 21 +1
1 7 11 16 17 21 +1
1 7 12 16 17 21 +1
1 7 12 16 17 21 +6
1 7 12 16 17 21 +12
1 7 12 16 17 21 +16
1 7 12 16 17 29 +1
1 7 12 17 19 21 +1
1 7 13 16 17 21 +1
1 7 13 16 21 29 +1
1 7 13 17 19 21 +11
1 7 13 17 19 26 +11
1 7 13 22 25 32 +12
1 7 13 22 25 32 +13
1 7 13 25 26 32 +12
1 7 14 16 17 21 +1
1 7 15 16 17 21 +1
1 7 16 17 18 21 +1
1 7 16 17 19 21 +1
1 7 16 17 20 21 +1
1 7 16 17 21 22 +1
1 7 16 17 21 23 +1
1 7 16 17 21 24 +1
1 7 16 17 21 25 +1
1 7 16 17 21 26 +1
1 7 16 17 21 27 +1
1 7 16 17 21 28 +1
1 7 16 17 21 29 +1
1 7 16 17 21 30 +1
1 7 16 17 21 31 +1
1 7 16 17 21 32 +1
1 7 16 17 21 33 +1
1 7 16 18 22 30 +6
1 7 16 19 21 29 +1
1 7 17 19 21 26 +11
1 8 11 20 21 27 +6
1 8 11 20 24 29 +11
1 8 12 19 21 28 +13
1 8 12 20 23 29 +11
1 8 20 23 24 29 +11
1 9 10 13 22 32 +13
1 9 11 12 21 26 +3
1 9 11 13 25 32 +12
1 9 11 13 26 32 +12
1 9 11 17 21 26 +3
1 9 11 20 21 26 +3
1 9 11 21 23 26 +3
1 9 11 21 24 26 +3
1 9 11 21 26 29 +12
1 9 11 21 26 31 +3
1 9 11 21 26 33 +3
1 9 11 21 26 33 +12
1 9 11 25 26 32 +12
1 9 11 26 32 33 +12
1 9 13 15 22 30 +3
1 9 13 17 25 32 +12
1 9 13 19 25 28 +10
1 9 13 25 26 32 +12
1 9 13 25 32 33 +12
1 9 13 26 32 33 +12
1 9 14 15 22 30 +3
1 9 14 24 26 29 +3
1 9 15 16 22 30 +3
1 9 15 16 22 30 +12
1 9 16 22 25 30 +12
1 9 16 22 28 30 +12
1 9 21 26 29 33 +3
1 9 22 26 32 33 +12
1 9 23 24 26 29 +3
1 9 25 26 32 33 +12
1 10 13 17 22 30 +4
1 11 13 25 26 32 +12
1 11 20 21 26 29 +3
1 11 21 26 29 31 +3
1 11 21 26 31 32 +3
1 11 23 24 26 29 +3
1 11 27 28 29 30 +15
1 12 13 15 19 28 +11
1 12 14 23 24 29 +3
1 12 14 24 26 29 +3
1 12 15 19 28 29 +11
1 12 19 25 26 28 +13
1 12 23 24 26 29 +3
1 12 24 26 29 31 +9
1 13 14 22 25 32 +12
1 13 14 25 26 32 +12
1 13 18 25 26 32 +12
1 13 19 25 26 28 +13
1 13 19 25 26 32 +12
1 13 21 25 26 32 +12
1 13 22 25 26 32 +12
1 13 22 25 29 32 +12
1 13 22 25 29 32 +13
1 13 22 28 29 30 +11
1 13 24 25 26 32 +12
1 13 25 26 28 32 +12
1 13 25 26 29 32 +12
1 13 25 26 31 32 +12
1 13 25 26 32 33 +12
1 14 15 22 24 30 +3
1 14 15 22 24 30 +6
1 14 15 24 26 29 +3
1 14 18 20 22 30 +6
1 14 23 24 26 29 +3
1 14 23 24 26 29 +6
1 14 24 26 29 30 +3
1 14 24 26 29 31 +3
1 15 16 18 28 30 +12
1 15 16 22 25 30 +12
1 15 16 22 27 31 +3
1 15 16 22 28 30 +6
1 15 16 22 28 30 +12
1 15 16 22 30 31 +3
1 15 16 22 30 31 +12
1 15 18 22 28 30 +6
1 16 17 18 22 30 +6
1 16 17 18 22 30 +12
1 16 18 22 25 30 +12
1 16 18 22 29 30 +15
1 16 18 22 30 31 +3
1 16 18 22 30 31 +12
1 16 22 24 28 30 +12
1 16 22 25 28 30 +12
1 16 22 28 29 30 +12
1 16 22 28 30 31 +3
1 16 22 28 30 31 +12
1 18 22 28 29 30 +6
1 18 22 28 29 30 +12
1 18 22 28 29 30 +15
1 20 23 24 26 29 +3
1 22 27 28 29 30 +15
1 23 24 26 29 31 +3
2 3 4 7 9 10 +6
2 3 4 16 24 26 +11
2 3 5 12 23 24 +5
2 3 5 12 23 24 +9
2 3 5 17 19 27 +4
2 3 5 17 24 27 +4
2 3 5 20 24 26 +6
2 3 5 22 25 29 +8
2 3 5 24 27 29 +9
2 3 6 12 24 29 +9
2 3 6 14 15 17 +4
2 3 6 15 17 20 +4
2 3 6 15 17 25 +4
2 3 7 9 10 13 +6
2 3 7 9 10 13 +11
2 3 7 9 10 15 +6
2 3 7 9 10 20 +6
2 3 7 9 10 22 +6
2 3 7 9 10 25 +6
2 3 7 9 10 27 +6
2 3 7 9 10 28 +6
2 3 7 9 10 30 +6
2 3 7 9 10 30 +13
2 3 7 9 13 20 +6
2 3 7 9 13 20 +11
2 3 7 9 13 25 +6
2 3 7 9 13 25 +11
2 3 7 9 13 32 +6
2 3 7 9 13 32 +11
2 3 7 9 25 27 +6
2 3 7 9 30 32 +6
2 3 7 10 13 25 +6
2 3 7 10 13 30 +6
2 3 7 10 13 30 +11
2 3 7 10 13 32 +6
2 3 7 10 13 32 +11
2 3 7 13 18 25 +6
2 3 7 13 20 25 +11
2 3 7 13 22 25 +6
2 3 7 13 25 30 +6
2 3 7 13 25 30 +11
2 3 8 12 24 29 +9
2 3 8 12 29 31 +9
2 3 8 24 27 29 +9
2 3 9 10 13 22 +13
2 3 9 10 13 30 +6
2 3 9 10 13 30 +11
2 3 9 10 13 30 +13
2 3 9 10 13 32 +6
2 3 9 10 22 30 +13
2 3 9 10 30 32 +6
2 3 9 13 18 28 +6
2 3 9 13 20 30 +11
2 3 9 13 28 30 +6
2 3 9 13 28 30 +11
2 3 9 13 30 32 +6
2 3 9 18 30 32 +6
2 3 9 26 29 31 +3
2 3 10 12 13 30 +6
2 3 10 12 17 24 +4
2 3 10 12 17 24 +9
2 3 10 12 17 27 +4
2 3 10 12 17 30 +4
2 3 10 12 24 29 +9
2 3 10 13 17 30 +4
2 3 10 17 19 27 +4
2 3 10 17 24 27 +4
2 3 10 17 27 30 +4
2 3 10 24 29 31 +9
2 3 11 21 26 31 +3
2 3 12 15 17 24 +9
2 3 12 15 24 29 +9
2 3 12 15 24 31 +9
2 3 12 17 24 27 +4
2 3 12 17 24 31 +9
2 3 12 17 29 31 +9
2 3 12 18 24 29 +9
2 3 12 24 26 29 +9
2 3 12 24 26 31 +9
2 3 12 24 27 29 +9
2 3 12 24 29 31 +9
2 3 12 24 29 32 +9
2 3 12 24 31 32 +9
2 3 12 26 29 31 +3
2 3 12 26 29 31 +9
2 3 12 26 29 31 +11
2 3 12 29 30 31 +9
2 3 13 28 29 30 +6
2 3 13 28 29 30 +11
2 3 14 24 26 29 +3
2 3 17 24 29 31 +9
2 3 20 26 29 31 +3
2 3 21 26 29 31 +3
2 3 23 24 26 29 +3
2 3 24 26 29 31 +3
2 3 24 26 29 31 +9
2 3 24 27 29 31 +9
2 3 24 29 31 32 +9
2 4 5 6 13 28 +1
2 4 5 8 11 16 +11
2 4 5 11 21 26 +3
2 4 5 11 22 29 +8
2 4 5 13 17 20 +7
2 4 5 16 20 26 +3
2 4 5 16 20 26 +11
2 4 5 17 22 29 +8
2 4 5 18 22 29 +8
2 4 5 22 25 29 +8
2 4 6 8 11 16 +11
2 4 6 13 17 20 +7
2 4 6 13 17 20 +11
2 4 6 13 17 28 +1
2 4 6 13 17 28 +11
2 4 7 11 16 33 +11
2 4 7 13 17 20 +7
2 4 8 11 14 16 +11
2 4 9 13 17 20 +7
2 4 9 14 15 26 +3
2 4 9 15 20 22 +6
2 4 9 15 20 22 +7
2 4 9 15 26 33 +3
2 4 10 12 17 24 +12
2 4 10 17 24 27 +4
2 4 11 13 14 22 +11
2 4 11 13 18 26 +6
2 4 11 13 18 26 +7
2 4 11 13 18 26 +9
2 4 11 13 18 26 +12
2 4 11 14 15 16 +11
2 4 11 14 16 20 +11
2 4 11 14 16 22 +11
2 4 11 14 16 33 +11
2 4 11 14 18 22 +11
2 4 11 14 20 22 +6
2 4 11 14 20 22 +11
2 4 11 16 20 26 +11
2 4 11 16 26 33 +11
2 4 11 18 26 28 +6
2 4 11 21 26 31 +3
2 4 12 15 24 31 +9
2 4 12 17 24 30 +9
2 4 12 24 26 31 +9
2 4 12 24 26 31 +11
2 4 12 24 29 31 +9
2 4 12 24 30 31 +9
2 4 12 24 31 32 +9
2 4 12 30 31 32 +9
2 4 13 14 16 20 +11
2 4 13 14 17 20 +7
2 4 13 14 20 22 +11
2 4 13 15 17 20 +7
2 4 13 16 17 20 +7
2 4 13 16 17 20 +11
2 4 13 16 20 26 +11
2 4 13 16 26 28 +5
2 4 13 16 26 28 +11
2 4 13 17 18 20 +7
2 4 13 17 19 20 +7
2 4 13 17 19 20 +11
2 4 13 17 20 22 +7
2 4 13 17 20 25 +11
2 4 13 17 20 26 +11
2 4 13 17 20 28 +7
2 4 13 17 20 28 +11
2 4 13 17 20 30 +7
2 4 13 17 20 30 +11
2 4 13 17 26 28 +11
2 4 13 18 20 28 +11
2 4 13 19 26 28 +5
2 4 13 19 26 28 +11
2 4 13 20 24 28 +11
2 4 13 20 26 28 +11
2 4 13 20 28 29 +11
2 4 13 20 28 30 +11
2 4 13 23 26 28 +5
2 4 13 28 29 30 +11
2 4 14 15 16 20 +7
2 4 14 15 16 20 +11
2 4 14 16 20 26 +11
2 4 14 24 26 29 +3
2 4 16 24 26 27 +3
2 4 16 24 26 27 +11
2 4 16 24 26 31 +11
2 4 16 24 27 31 +11
2 4 18 22 28 29 +6
2 4 18 22 28 29 +7
2 4 21 26 29 31 +3
2 4 23 24 26 29 +3
2 5 6 7 11 13 +11
2 5 6 7 12 13 +12
2 5 6 7 12 13 +15
2 5 6 7 12 28 +11
2 5 6 7 12 28 +12
2 5 6 7 13 18 +3
2 5 6 7 13 18 +6
2 5 6 7 13 18 +12
2 5 6 7 13 18 +15
2 5 6 7 13 19 +15
2 5 6 7 13 20 +15
2 5 6 7 13 28 +1
2 5 6 7 13 28 +5
2 5 6 7 13 28 +11
2 5 6 7 13 28 +12
2 5 6 7 13 28 +15
2 5 6 7 17 28 +11
2 5 6 8 14 19 +9
2 5 6 11 13 19 +9
2 5 6 11 14 19 +9
2 5 6 11 19 28 +9
2 5 6 12 13 19 +9
2 5 6 12 13 23 +9
2 5 6 12 13 28 +11
2 5 6 12 14 19 +9
2 5 6 12 14 23 +9
2 5 6 12 14 31 +9
2 5 6 12 19 28 +9
2 5 6 12 19 28 +11
2 5 6 12 23 24 +5
2 5 6 12 23 28 +9
2 5 6 13 14 19 +9
2 5 6 13 17 28 +5
2 5 6 13 17 28 +7
2 5 6 13 17 28 +11
2 5 6 13 18 28 +12
2 5 6 13 19 23 +9
2 5 6 13 19 28 +1
2 5 6 13 19 28 +3
2 5 6 13 19 28 +5
2 5 6 13 19 28 +9
2 5 6 13 19 28 +11
2 5 6 13 19 28 +12
2 5 6 13 19 28 +15
2 5 6 13 19 28 +16
2 5 6 13 23 28 +5
2 5 6 13 23 28 +9
2 5 6 13 24 28 +1
2 5 6 13 24 28 +5
2 5 6 14 19 24 +9
2 5 6 14 19 28 +9
2 5 6 14 19 33 +9
2 5 6 19 23 28 +5
2 5 6 19 23 28 +9
2 5 6 19 24 28 +1
2 5 6 19 24 28 +9
2 5 6 19 28 33 +9
2 5 6 22 25 29 +8
2 5 7 8 11 21 +3
2 5 7 11 21 26 +3
2 5 7 12 17 28 +11
2 5 7 22 25 29 +8
2 5 8 11 20 21 +3
2 5 8 12 14 19 +9
2 5 8 14 19 28 +9
2 5 8 14 19 33 +9
2 5 8 22 25 29 +8
2 5 9 11 20 21 +3
2 5 9 11 20 26 +3
2 5 9 11 21 26 +3
2 5 9 20 21 26 +3
2 5 9 22 25 29 +8
2 5 9 24 26 29 +3
2 5 10 11 23 24 +5
2 5 10 11 23 24 +6
2 5 10 11 23 24 +16
2 5 10 17 22 24 +8
2 5 10 17 23 24 +5
2 5 10 17 24 25 +8
2 5 10 17 24 29 +8
2 5 10 18 22 29 +6
2 5 10 22 24 29 +8
2 5 10 22 25 29 +8
2 5 10 23 24 29 +3
2 5 11 12 22 29 +8
2 5 11 12 23 24 +5
2 5 11 12 23 24 +9
2 5 11 13 19 28 +9
2 5 11 14 19 28 +9
2 5 11 17 22 29 +8
2 5 11 17 23 24 +5
2 5 11 17 23 24 +7
2 5 11 18 22 29 +6
2 5 11 18 22 29 +8
2 5 11 18 24 29 +6
2 5 11 18 26 29 +6
2 5 11 19 24 28 +9
2 5 11 20 21 26 +3
2 5 11 20 21 33 +3
2 5 11 20 26 28 +3
2 5 11 20 26 33 +3
2 5 11 21 26 28 +3
2 5 11 21 26 31 +3
2 5 11 22 24 29 +6
2 5 11 22 24 29 +8
2 5 11 22 25 29 +8
2 5 11 22 29 32 +8
2 5 11 22 29 33 +8
2 5 11 26 29 31 +3
2 5 12 13 19 28 +5
2 5 12 14 17 19 +9
2 5 12 14 17 23 +9
2 5 12 14 19 26 +9
2 5 12 14 19 28 +9
2 5 12 14 19 31 +9
2 5 12 14 19 33 +9
2 5 12 14 23 24 +9
2 5 12 14 23 28 +9
2 5 12 15 23 24 +5
2 5 12 15 23 24 +9
2 5 12 15 23 24 +11
2 5 12 17 23 24 +8
2 5 12 17 23 24 +9
2 5 12 17 24 29 +8
2 5 12 17 30 31 +5
2 5 12 19 23 24 +9
2 5 12 19 23 26 +9
2 5 12 19 23 28 +9
2 5 12 20 23 24 +8
2 5 12 20 24 29 +8
2 5 12 22 23 29 +8
2 5 12 22 24 29 +8
2 5 12 22 25 29 +8
2 5 12 22 28 29 +8
2 5 12 22 29 31 +8
2 5 12 23 24 26 +9
2 5 12 23 24 28 +5
2 5 12 23 24 28 +9
2 5 12 23 24 29 +3
2 5 12 23 24 29 +5
2 5 12 23 24 29 +6
2 5 12 23 24 29 +8
2 5 12 24 25 29 +8
2 5 12 24 26 29 +9
2 5 12 24 29 31 +5
2 5 12 24 29 31 +8
2 5 12 24 29 31 +9
2 5 12 26 29 31 +3
2 5 12 28 29 30 +5
2 5 13 14 19 22 +9
2 5 13 14 19 28 +5
2 5 13 14 19 28 +9
2 5 13 17 19 20 +11
2 5 13 17 19 28 +5
2 5 13 17 19 28 +11
2 5 13 18 19 28 +9
2 5 13 19 22 28 +5
2 5 13 19 22 28 +11
2 5 13 19 23 28 +5
2 5 13 19 23 28 +9
2 5 13 19 24 28 +9
2 5 13 19 26 28 +5
2 5 13 19 26 28 +9
2 5 13 19 28 29 +5
2 5 13 20 25 29 +8
2 5 13 22 23 29 +8
2 5 13 22 25 29 +8
2 5 13 22 28 29 +5
2 5 13 22 28 29 +6
2 5 13 22 28 29 +8
2 5 13 22 28 29 +11
2 5 13 24 25 29 +8
2 5 13 25 29 30 +8
2 5 13 25 29 32 +8
2 5 13 28 29 30 +5
2 5 13 28 29 30 +11
2 5 13 28 29 30 +15
2 5 14 19 23 28 +9
2 5 14 19 28 33 +9
2 5 14 22 25 29 +8
2 5 14 23 24 29 +3
2 5 14 23 24 29 +6
2 5 14 24 26 29 +3
2 5 14 24 26 29 +6
2 5 15 22 25 29 +8
2 5 15 23 24 29 +6
2 5 16 22 25 29 +8
2 5 17 19 22 29 +8
2 5 17 20 22 29 +8
2 5 17 22 23 25 +8
2 5 17 22 23 29 +8
2 5 17 22 24 29 +8
2 5 17 22 25 29 +8
2 5 17 22 25 32 +8
2 5 17 22 25 33 +8
2 5 17 22 28 29 +8
2 5 17 22 29 32 +8
2 5 17 22 29 33 +8
2 5 17 22 32 33 +8
2 5 17 24 25 29 +8
2 5 18 22 24 29 +6
2 5 18 22 25 29 +6
2 5 18 22 25 29 +8
2 5 18 22 28 29 +6
2 5 18 22 28 29 +8
2 5 19 22 25 29 +8
2 5 19 23 24 28 +9
2 5 20 21 26 28 +3
2 5 20 21 26 33 +3
2 5 20 22 25 29 +8
2 5 20 23 24 29 +8
2 5 20 24 25 29 +8
2 5 20 26 29 31 +3
2 5 21 22 25 29 +8
2 5 21 26 29 31 +3
2 5 22 23 24 29 +8
2 5 22 23 25 29 +8
2 5 22 23 29 32 +8
2 5 22 24 25 29 +8
2 5 22 24 29 32 +8
2 5 22 24 29 33 +8
2 5 22 25 26 29 +8
2 5 22 25 27 29 +8
2 5 22 25 28 29 +8
2 5 22 25 29 30 +8
2 5 22 25 29 31 +8
2 5 22 25 29 32 +8
2 5 22 25 29 33 +8
2 5 22 28 29 30 +8
2 5 23 24 25 29 +8
2 5 23 24 26 29 +3
2 5 24 25 29 32 +8
2 5 24 25 29 33 +8
2 5 24 26 29 31 +3
2 6 7 13 17 28 +11
2 6 8 12 14 19 +9
2 6 12 13 19 28 +5
2 6 12 14 19 28 +9
2 6 12 14 19 31 +9
2 6 12 14 23 31 +9
2 6 12 14 29 31 +9
2 6 12 14 30 31 +9
2 6 12 14 31 32 +9
2 6 12 19 30 31 +9
2 6 12 24 29 31 +9
2 6 12 24 30 31 +9
2 6 12 24 31 32 +9
2 6 12 26 29 31 +9
2 6 12 29 30 31 +9
2 6 13 17 19 28 +5
2 6 13 17 19 28 +11
2 6 13 17 20 28 +1
2 6 13 17 20 28 +7
2 6 13 17 20 28 +11
2 6 13 18 28 32 +12
2 6 13 19 23 28 +5
2 6 13 19 24 28 +1
2 6 13 19 24 28 +9
2 6 13 19 26 28 +5
2 6 13 19 28 29 +5
2 6 14 24 26 29 +3
2 6 23 24 26 29 +3
2 7 8 12 16 21 +16
2 7 8 13 17 20 +11
2 7 8 13 17 28 +11
2 7 9 11 21 26 +3
2 7 9 13 17 20 +6
2 7 9 13 17 20 +7
2 7 9 13 20 25 +11
2 7 9 13 20 30 +6
2 7 9 13 20 30 +11
2 7 9 18 25 30 +6
2 7 10 13 20 25 +11
2 7 11 20 21 26 +3
2 7 11 21 26 31 +3
2 7 13 14 20 25 +11
2 7 13 16 17 20 +11
2 7 13 17 19 20 +11
2 7 13 17 19 28 +11
2 7 13 17 20 25 +11
2 7 13 17 20 28 +11
2 7 13 17 24 28 +11
2 7 13 18 25 30 +6
2 7 13 20 25 28 +11
2 7 13 20 25 30 +6
2 7 13 20 25 30 +11
2 7 13 25 29 30 +6
2 7 13 28 29 30 +11
2 7 14 24 26 29 +3
2 7 18 25 29 30 +6
2 7 21 26 29 31 +3
2 7 23 24 26 29 +3
2 8 9 26 29 31 +3
2 8 11 17 23 24 +5
2 8 11 19 20 27 +9
2 8 12 13 28 29 +11
2 8 12 14 19 31 +9
2 8 12 14 19 32 +9
2 8 12 14 29 31 +9
2 8 12 24 26 29 +9
2 8 12 24 26 31 +9
2 8 12 24 29 31 +9
2 8 12 26 29 31 +3
2 8 12 26 29 31 +6
2 8 12 26 29 31 +9
2 8 12 26 29 31 +12
2 8 12 26 29 31 +14
2 8 12 26 29 31 +16
2 8 12 26 29 33 +3
2 8 12 29 30 31 +9
2 8 13 17 20 28 +11
2 8 13 17 28 29 +11
2 8 13 17 28 30 +11
2 8 13 19 23 28 +5
2 8 13 19 26 28 +5
2 8 13 20 28 29 +11
2 8 13 20 28 30 +11
2 8 14 24 26 29 +3
2 8 17 23 24 28 +5
2 8 19 26 29 31 +9
2 8 21 26 29 31 +3
2 8 23 24 26 29 +3
2 8 24 26 29 31 +3
2 8 24 26 29 31 +9
2 8 26 29 31 33 +3
2 9 10 13 17 30 +4
2 9 10 13 17 30 +6
2 9 10 13 17 30 +11
2 9 10 13 20 30 +11
2 9 10 13 22 30 +6
2 9 10 13 28 30 +6
2 9 10 13 28 30 +11
2 9 10 15 20 28 +11
2 9 10 17 28 30 +11
2 9 10 20 28 30 +11
2 9 10 24 26 29 +3
2 9 11 12 21 26 +3
2 9 11 12 24 26 +3
2 9 11 17 23 24 +5
2 9 11 20 21 26 +3
2 9 11 20 21 31 +3
2 9 11 21 24 26 +3
2 9 11 21 26 29 +3
2 9 11 21 26 31 +3
2 9 11 21 26 32 +3
2 9 11 23 24 26 +3
2 9 11 23 24 26 +5
2 9 11 23 26 29 +3
2 9 11 24 26 29 +3
2 9 11 26 29 31 +3
2 9 11 26 32 33 +12
2 9 12 13 19 28 +11
2 9 12 21 24 26 +3
2 9 12 21 26 29 +3
2 9 12 23 24 26 +3
2 9 12 23 24 29 +3
2 9 12 24 26 29 +3
2 9 12 24 29 31 +9
2 9 12 26 29 31 +3
2 9 12 26 29 31 +12
2 9 12 26 29 33 +3
2 9 13 17 20 30 +11
2 9 13 17 28 30 +6
2 9 13 17 28 30 +11
2 9 13 20 25 30 +6
2 9 13 20 28 29 +11
2 9 13 20 28 30 +6
2 9 13 20 28 30 +11
2 9 13 28 29 30 +5
2 9 13 28 29 30 +6
2 9 13 28 29 30 +11
2 9 13 28 29 30 +15
2 9 14 15 26 33 +3
2 9 14 23 24 26 +3
2 9 14 23 24 29 +3
2 9 14 23 26 29 +3
2 9 14 24 26 29 +3
2 9 14 26 29 31 +3
2 9 14 26 29 33 +3
2 9 15 24 26 29 +3
2 9 19 26 29 31 +3
2 9 20 28 29 30 +11
2 9 21 24 26 29 +3
2 9 21 26 29 31 +3
2 9 21 26 29 32 +3
2 9 21 26 29 33 +3
2 9 23 24 26 29 +3
2 9 23 24 26 33 +3
2 9 23 26 29 31 +3
2 9 23 26 29 33 +3
2 9 24 26 29 30 +3
2 9 24 26 29 31 +3
2 9 24 26 29 33 +3
2 9 26 29 31 32 +3
2 9 26 29 31 33 +3
2 9 26 29 32 33 +3
2 10 11 17 23 24 +5
2 10 11 18 24 29 +6
2 10 12 13 17 30 +4
2 10 12 15 17 24 +9
2 10 12 17 19 24 +9
2 10 12 17 21 24 +12
2 10 12 17 22 24 +12
2 10 12 17 24 27 +4
2 10 12 17 24 27 +9
2 10 12 17 24 27 +12
2 10 12 17 24 29 +6
2 10 12 17 24 29 +12
2 10 12 17 24 30 +9
2 10 12 17 24 30 +12
2 10 12 17 24 31 +9
2 10 12 17 27 30 +4
2 10 12 17 28 30 +4
2 10 12 17 30 31 +5
2 10 12 23 24 29 +3
2 10 12 23 24 29 +9
2 10 12 24 26 29 +9
2 10 12 24 27 29 +9
2 10 12 24 29 31 +9
2 10 12 26 29 31 +14
2 10 13 17 20 30 +11
2 10 13 17 22 30 +4
2 10 13 17 24 30 +4
2 10 13 17 27 30 +4
2 10 13 17 28 30 +4
2 10 13 17 28 30 +5
2 10 13 17 28 30 +11
2 10 13 20 28 29 +11
2 10 13 20 28 30 +11
2 10 13 28 29 30 +6
2 10 13 28 29 30 +11
2 10 13 28 29 30 +15
2 10 14 23 24 29 +3
2 10 14 24 26 29 +3
2 10 17 19 23 24 +5
2 10 17 20 21 28 +11
2 10 17 20 28 30 +11
2 10 17 23 24 27 +5
2 10 17 24 27 28 +4
2 10 17 24 27 29 +6
2 10 17 24 27 29 +9
2 10 17 24 27 30 +4
2 10 17 24 27 32 +4
2 10 17 27 28 30 +4
2 10 17 27 28 32 +4
2 10 18 22 28 29 +6
2 10 20 26 29 31 +3
2 10 20 28 29 30 +11
2 10 21 26 29 31 +3
2 10 23 24 26 29 +3
2 10 24 26 29 31 +3
2 11 12 14 19 26 +9
2 11 12 14 19 31 +9
2 11 12 15 23 24 +5
2 11 12 15 24 29 +9
2 11 12 15 24 31 +9
2 11 12 15 26 31 +9
2 11 12 17 23 24 +5
2 11 12 17 23 24 +9
2 11 12 17 24 31 +9
2 11 12 19 24 26 +9
2 11 12 19 26 31 +9
2 11 12 21 23 24 +5
2 11 12 21 24 26 +3
2 11 12 21 26 31 +3
2 11 12 23 24 26 +5
2 11 12 23 24 29 +3
2 11 12 23 24 29 +5
2 11 12 23 24 29 +9
2 11 12 23 24 31 +9
2 11 12 24 26 29 +9
2 11 12 24 26 31 +9
2 11 12 24 29 31 +9
2 11 12 24 31 32 +9
2 11 12 26 29 31 +3
2 11 12 26 29 31 +9
2 11 13 14 19 22 +9
2 11 13 14 19 26 +9
2 11 13 16 17 20 +11
2 11 13 17 23 24 +5
2 11 13 18 26 28 +6
2 11 13 18 26 28 +11
2 11 13 19 24 28 +9
2 11 13 19 26 28 +5
2 11 13 19 26 28 +9
2 11 13 19 26 28 +11
2 11 13 21 26 31 +3
2 11 14 19 26 31 +9
2 11 14 19 26 33 +9
2 11 14 23 24 29 +3
2 11 14 24 26 29 +3
2 11 15 21 26 31 +3
2 11 17 19 23 24 +5
2 11 17 21 23 24 +5
2 11 17 23 24 26 +5
2 11 17 23 24 28 +5
2 11 17 23 24 29 +5
2 11 18 22 28 29 +6
2 11 19 21 26 31 +3
2 11 19 26 29 31 +3
2 11 20 21 26 31 +3
2 11 20 26 29 31 +3
2 11 21 24 26 29 +3
2 11 21 24 26 31 +3
2 11 21 26 29 31 +3
2 11 21 26 31 32 +3
2 11 21 26 31 33 +3
2 11 23 24 26 29 +3
2 11 24 26 29 31 +3
2 11 24 26 29 31 +9
2 11 26 29 31 33 +3
2 12 13 19 23 26 +9
2 12 13 19 23 28 +5
2 12 13 19 26 28 +5
2 12 13 19 26 28 +9
2 12 13 19 26 29 +11
2 12 13 19 28 29 +5
2 12 13 19 28 29 +11
2 12 13 20 28 29 +11
2 12 13 26 29 31 +1
2 12 13 26 29 31 +11
2 12 13 28 29 30 +11
2 12 14 15 24 29 +9
2 12 14 15 24 31 +9
2 12 14 17 23 24 +9
2 12 14 17 24 29 +9
2 12 14 19 23 24 +9
2 12 14 19 23 31 +9
2 12 14 19 24 31 +9
2 12 14 19 26 31 +9
2 12 14 19 29 31 +9
2 12 14 19 30 31 +9
2 12 14 19 31 33 +9
2 12 14 23 24 26 +3
2 12 14 23 24 29 +3
2 12 14 23 24 31 +9
2 12 14 23 26 29 +3
2 12 14 24 26 29 +3
2 12 14 24 26 29 +9
2 12 14 24 26 31 +9
2 12 14 24 29 31 +9
2 12 14 24 31 32 +9
2 12 14 26 29 31 +3
2 12 14 30 31 32 +9
2 12 15 17 23 24 +9
2 12 15 17 24 27 +9
2 12 15 17 24 29 +9
2 12 15 17 24 31 +9
2 12 15 19 24 29 +9
2 12 15 19 24 31 +9
2 12 15 23 24 28 +5
2 12 15 23 24 29 +3
2 12 15 23 24 29 +6
2 12 15 23 24 31 +9
2 12 15 24 25 29 +9
2 12 15 24 25 31 +9
2 12 15 24 26 29 +9
2 12 15 24 26 31 +9
2 12 15 24 27 29 +9
2 12 15 24 29 31 +9
2 12 15 24 30 31 +9
2 12 15 24 31 32 +9
2 12 15 26 29 31 +9
2 12 15 26 31 32 +9
2 12 15 29 30 31 +9
2 12 15 30 31 32 +9
2 12 17 19 23 24 +9
2 12 17 19 24 29 +9
2 12 17 19 24 31 +9
2 12 17 21 23 24 +5
2 12 17 21 23 24 +9
2 12 17 23 24 26 +9
2 12 17 23 24 29 +3
2 12 17 23 24 29 +9
2 12 17 23 24 31 +9
2 12 17 24 25 31 +9
2 12 17 24 26 29 +9
2 12 17 24 26 31 +9
2 12 17 24 27 29 +9
2 12 17 24 27 31 +9
2 12 17 24 29 30 +9
2 12 17 24 29 31 +9
2 12 17 24 30 31 +5
2 12 17 24 31 32 +9
2 12 17 26 29 31 +9
2 12 17 29 30 31 +5
2 12 17 29 30 31 +9
2 12 17 30 31 32 +9
2 12 18 22 28 29 +6
2 12 18 24 29 31 +9
2 12 19 23 24 26 +9
2 12 19 23 24 28 +9
2 12 19 23 24 29 +9
2 12 19 23 24 31 +9
2 12 19 23 26 28 +9
2 12 19 24 26 29 +9
2 12 19 24 26 31 +9
2 12 19 24 29 31 +9
2 12 19 24 31 32 +9
2 12 19 26 30 31 +9
2 12 19 30 31 32 +9
2 12 20 23 24 29 +3
2 12 20 24 29 31 +9
2 12 20 26 29 31 +3
2 12 20 26 29 31 +14
2 12 21 23 24 26 +5
2 12 21 24 26 29 +9
2 12 21 24 26 31 +9
2 12 21 24 29 31 +9
2 12 21 26 29 31 +3
2 12 21 26 29 33 +3
2 12 22 23 24 29 +8
2 12 23 24 25 29 +8
2 12 23 24 26 28 +9
2 12 23 24 26 29 +3
2 12 23 24 26 29 +5
2 12 23 24 26 29 +8
2 12 23 24 26 29 +9
2 12 23 24 26 31 +9
2 12 23 24 27 29 +9
2 12 23 24 28 29 +5
2 12 23 24 28 32 +5
2 12 23 24 29 30 +3
2 12 23 24 29 31 +3
2 12 23 24 29 31 +5
2 12 23 24 29 31 +9
2 12 23 24 29 32 +3
2 12 23 24 30 31 +9
2 12 23 24 31 32 +9
2 12 23 26 28 29 +9
2 12 23 26 29 31 +3
2 12 23 26 29 31 +9
2 12 23 30 31 32 +9
2 12 24 25 26 29 +9
2 12 24 25 26 31 +9
2 12 24 25 29 31 +9
2 12 24 25 31 32 +9
2 12 24 26 27 29 +9
2 12 24 26 27 31 +9
2 12 24 26 28 29 +9
2 12 24 26 29 31 +9
2 12 24 26 30 31 +9
2 12 24 26 31 32 +9
2 12 24 27 29 31 +9
2 12 24 29 30 31 +9
2 12 24 29 31 32 +9
2 12 24 30 31 32 +9
2 12 25 29 30 31 +9
2 12 26 28 29 31 +5
2 12 26 28 29 31 +14
2 12 26 29 30 31 +3
2 12 26 29 30 31 +9
2 12 26 29 31 32 +9
2 12 26 29 31 33 +3
2 12 26 29 31 33 +12
2 12 26 30 31 32 +9
2 12 29 30 31 32 +9
2 13 14 24 26 29 +3
2 13 15 19 24 28 +9
2 13 15 20 28 30 +11
2 13 16 17 20 25 +11
2 13 16 17 20 26 +11
2 13 16 17 20 29 +11
2 13 16 17 20 30 +11
2 13 16 19 26 28 +5
2 13 16 19 26 28 +11
2 13 16 20 26 28 +11
2 13 16 28 29 30 +11
2 13 17 19 20 24 +11
2 13 17 19 20 28 +11
2 13 17 19 22 28 +11
2 13 17 19 23 24 +5
2 13 17 19 23 28 +5
2 13 17 19 24 28 +11
2 13 17 19 26 28 +5
2 13 17 19 28 29 +11
2 13 17 20 25 27 +11
2 13 17 20 25 28 +11
2 13 17 20 25 31 +11
2 13 17 20 28 29 +11
2 13 17 20 28 30 +11
2 13 17 20 30 31 +11
2 13 17 22 28 29 +11
2 13 17 28 29 30 +11
2 13 17 28 29 30 +15
2 13 18 19 24 28 +9
2 13 18 19 26 28 +5
2 13 18 19 26 28 +9
2 13 18 19 26 28 +11
2 13 18 19 26 28 +12
2 13 18 20 26 28 +11
2 13 18 20 28 29 +11
2 13 18 22 28 29 +6
2 13 18 23 26 28 +5
2 13 18 23 26 28 +9
2 13 18 28 29 30 +11
2 13 19 20 24 28 +9
2 13 19 20 28 29 +11
2 13 19 22 26 28 +5
2 13 19 22 26 28 +9
2 13 19 22 28 29 +5
2 13 19 22 28 29 +11
2 13 19 23 26 28 +5
2 13 19 23 26 28 +9
2 13 19 23 26 28 +11
2 13 19 23 26 28 +12
2 13 19 23 28 29 +5
2 13 19 23 28 30 +5
2 13 19 24 26 28 +9
2 13 19 26 28 29 +5
2 13 19 26 28 30 +5
2 13 19 28 29 30 +5
2 13 19 28 29 30 +11
2 13 20 21 28 30 +11
2 13 20 22 28 29 +11
2 13 20 24 28 29 +11
2 13 20 24 28 30 +11
2 13 20 25 26 28 +11
2 13 20 25 27 28 +11
2 13 20 25 28 29 +11
2 13 20 25 28 30 +11
2 13 20 26 28 29 +11
2 13 20 27 28 29 +11
2 13 20 28 29 30 +11
2 13 20 28 29 30 +12
2 13 20 28 29 30 +15
2 13 21 26 29 31 +3
2 13 21 28 29 30 +11
2 13 22 25 28 29 +11
2 13 22 25 29 30 +15
2 13 22 28 29 30 +11
2 13 22 28 29 30 +12
2 13 22 28 29 30 +15
2 13 23 24 26 29 +3
2 13 23 26 28 29 +5
2 13 23 28 29 30 +5
2 13 23 28 29 30 +11
2 13 24 28 29 30 +11
2 13 25 27 29 30 +6
2 13 25 28 29 30 +6
2 13 25 28 29 30 +11
2 13 25 28 29 30 +12
2 13 25 28 29 30 +15
2 13 26 28 29 30 +11
2 13 27 28 29 30 +11
2 13 27 28 29 30 +15
2 13 28 29 30 32 +11
2 14 15 23 24 29 +3
2 14 15 24 25 29 +6
2 14 15 24 26 29 +3
2 14 16 24 26 29 +3
2 14 17 24 26 29 +3
2 14 18 20 22 30 +6
2 14 18 24 26 29 +3
2 14 19 24 26 29 +3
2 14 20 24 26 29 +3
2 14 21 24 26 29 +3
2 14 21 26 29 31 +3
2 14 22 24 26 29 +3
2 14 23 24 26 29 +3
2 14 23 24 26 29 +6
2 14 23 24 29 30 +3
2 14 23 24 29 31 +3
2 14 23 26 29 31 +3
2 14 24 25 26 29 +3
2 14 24 25 26 29 +6
2 14 24 26 27 29 +3
2 14 24 26 28 29 +3
2 14 24 26 29 30 +3
2 14 24 26 29 31 +3
2 14 24 26 29 32 +3
2 14 24 26 29 33 +3
2 14 26 29 30 31 +3
2 15 18 26 28 32 +12
2 15 21 26 29 31 +3
2 15 23 24 26 29 +3
2 15 24 26 29 31 +9
2 16 23 24 26 29 +3
2 17 20 28 29 30 +11
2 17 23 24 26 29 +3
2 18 22 28 29 30 +6
2 18 22 28 29 30 +7
2 18 22 28 29 30 +12
2 18 22 28 29 30 +15
2 18 23 24 26 29 +3
2 19 21 26 29 31 +3
2 19 23 24 26 29 +3
2 19 24 26 29 31 +3
2 20 21 26 29 31 +3
2 20 23 24 26 29 +3
2 20 26 28 29 31 +3
2 21 22 26 29 31 +3
2 21 23 24 26 29 +3
2 21 23 26 29 31 +3
2 21 24 26 29 31 +3
2 21 26 28 29 31 +3
2 21 26 29 30 31 +3
2 21 26 29 31 32 +3
2 21 26 29 31 33 +3
2 22 23 24 26 29 +3
2 22 27 28 29 30 +15
2 23 24 25 26 29 +3
2 23 24 26 27 29 +3
2 23 24 26 28 29 +3
2 23 24 26 29 30 +3
2 23 24 26 29 31 +3
2 23 24 26 29 32 +3
2 23 24 26 29 33 +3
2 24 26 28 29 30 +3
2 24 26 29 30 31 +3
2 24 26 29 31 32 +3
2 26 29 31 32 33 +3
3 4 5 24 27 29 +9
3 4 8 24 27 29 +9
3 4 9 13 22 30 +6
3 4 12 24 29 31 +9
3 4 16 24 27 31 +11
3 4 24 27 29 31 +9
3 5 6 7 10 13 +15
3 5 6 7 13 18 +6
3 5 6 7 13 18 +11
3 5 6 7 13 18 +15
3 5 6 7 13 22 +15
3 5 6 7 13 23 +15
3 5 6 7 13 32 +15
3 5 6 8 13 19 +9
3 5 6 8 14 19 +9
3 5 6 8 19 22 +9
3 5 6 8 19 24 +9
3 5 6 8 19 28 +9
3 5 6 11 18 26 +15
3 5 6 11 19 28 +9
3 5 6 12 19 28 +9
3 5 6 12 23 24 +9
3 5 6 13 14 19 +9
3 5 6 13 18 23 +15
3 5 6 13 18 32 +3
3 5 6 13 18 32 +15
3 5 6 13 19 22 +9
3 5 6 13 19 28 +9
3 5 6 14 19 22 +9
3 5 6 14 19 24 +9
3 5 6 14 19 28 +9
3 5 6 14 19 33 +9
3 5 6 18 26 32 +6
3 5 6 19 20 24 +9
3 5 6 19 20 28 +9
3 5 6 19 23 28 +9
3 5 6 19 24 28 +9
3 5 6 19 24 33 +9
3 5 6 19 27 28 +9
3 5 6 19 28 33 +9
3 5 6 23 26 27 +15
3 5 6 24 27 29 +9
3 5 6 24 27 31 +9
3 5 7 13 19 22 +9
3 5 8 11 14 19 +9
3 5 8 12 14 19 +9
3 5 8 12 24 27 +9
3 5 8 13 14 19 +9
3 5 8 13 19 22 +9
3 5 8 14 19 22 +9
3 5 8 14 19 24 +9
3 5 8 14 19 28 +9
3 5 8 14 19 33 +9
3 5 8 17 24 27 +9
3 5 8 19 24 27 +9
3 5 8 19 24 28 +9
3 5 8 19 24 33 +9
3 5 8 20 24 27 +9
3 5 8 23 24 27 +9
3 5 8 24 27 29 +9
3 5 8 24 27 31 +9
3 5 8 27 29 31 +9
3 5 9 11 21 26 +3
3 5 10 13 19 22 +9
3 5 10 13 22 30 +9
3 5 10 19 24 27 +9
3 5 10 23 24 27 +9
3 5 10 24 27 29 +9
3 5 11 18 26 27 +15
3 5 11 20 21 26 +3
3 5 11 20 21 27 +3
3 5 11 20 21 31 +3
3 5 11 20 26 28 +3
3 5 11 21 26 28 +3
3 5 11 21 26 31 +3
3 5 11 21 26 31 +6
3 5 11 21 26 32 +3
3 5 11 21 26 33 +3
3 5 11 21 27 31 +3
3 5 12 14 23 24 +9
3 5 12 15 23 24 +9
3 5 12 15 24 27 +9
3 5 12 17 23 24 +9
3 5 12 19 23 24 +9
3 5 12 19 23 27 +9
3 5 12 19 24 27 +9
3 5 12 21 23 24 +9
3 5 12 23 24 27 +9
3 5 12 23 24 28 +9
3 5 12 23 24 29 +11
3 5 12 23 24 31 +9
3 5 12 24 27 29 +9
3 5 12 24 27 31 +9
3 5 12 24 29 31 +9
3 5 13 14 19 22 +9
3 5 13 14 19 28 +9
3 5 13 19 22 27 +9
3 5 13 19 22 28 +9
3 5 13 19 24 28 +9
3 5 14 19 21 33 +9
3 5 14 19 24 27 +9
3 5 14 19 24 33 +9
3 5 15 23 24 27 +9
3 5 17 19 24 27 +9
3 5 17 23 24 27 +9
3 5 17 24 27 29 +9
3 5 17 24 27 31 +9
3 5 18 19 24 27 +9
3 5 18 20 24 27 +9
3 5 18 23 24 27 +9
3 5 18 24 27 29 +9
3 5 18 24 27 31 +9
3 5 18 26 27 28 +9
3 5 19 20 21 31 +3
3 5 19 20 24 27 +9
3 5 19 20 24 28 +9
3 5 19 21 23 27 +9
3 5 19 21 24 27 +9
3 5 19 21 24 28 +9
3 5 19 21 24 31 +15
3 5 19 21 27 28 +9
3 5 19 23 24 27 +9
3 5 19 24 27 28 +9
3 5 19 24 27 29 +9
3 5 19 24 27 31 +9
3 5 19 24 27 33 +9
3 5 19 27 28 33 +9
3 5 19 27 29 31 +9
3 5 20 21 26 27 +3
3 5 20 21 26 31 +3
3 5 20 21 27 31 +3
3 5 20 23 24 27 +9
3 5 20 24 27 29 +9
3 5 20 24 27 31 +9
3 5 20 26 27 31 +3
3 5 21 24 27 29 +9
3 5 21 24 27 31 +9
3 5 21 26 27 31 +3
3 5 23 24 26 29 +3
3 5 23 24 27 29 +9
3 5 23 26 27 28 +9
3 5 24 27 28 29 +9
3 5 24 27 29 30 +9
3 5 24 27 29 31 +9
3 5 24 27 29 33 +9
3 5 26 27 28 33 +9
3 6 7 13 18 32 +3
3 6 7 13 18 32 +12
3 6 7 14 15 25 +11
3 6 8 11 14 19 +9
3 6 8 13 18 32 +3
3 6 8 14 15 25 +3
3 6 8 14 17 25 +6
3 6 8 14 19 24 +9
3 6 8 15 17 25 +6
3 6 8 18 19 32 +6
3 6 8 18 30 32 +6
3 6 8 20 24 27 +9
3 6 8 24 27 29 +9
3 6 8 24 29 32 +11
3 6 9 14 15 25 +3
3 6 10 13 14 22 +3
3 6 10 13 14 25 +3
3 6 10 14 15 25 +3
3 6 11 21 26 31 +3
3 6 12 23 24 29 +9
3 6 12 24 29 31 +9
3 6 12 26 29 31 +9
3 6 13 14 15 17 +3
3 6 13 14 15 25 +3
3 6 13 14 15 32 +3
3 6 13 14 18 32 +3
3 6 13 14 22 25 +3
3 6 13 15 18 32 +3
3 6 13 17 18 32 +3
3 6 13 18 19 32 +3
3 6 13 18 22 32 +3
3 6 13 18 25 32 +3
3 6 13 18 26 32 +3
3 6 13 18 28 32 +3
3 6 13 18 28 32 +12
3 6 13 18 30 32 +3
3 6 14 15 17 20 +4
3 6 14 15 17 26 +4
3 6 14 15 19 25 +3
3 6 14 15 20 25 +3
3 6 14 15 22 25 +3
3 6 14 15 24 25 +3
3 6 14 15 24 25 +16
3 6 14 15 25 26 +3
3 6 14 15 25 32 +3
3 6 15 17 25 27 +4
3 6 18 19 26 32 +3
3 6 18 26 28 32 +3
3 6 18 26 28 32 +6
3 6 19 24 27 29 +9
3 6 20 24 27 29 +9
3 6 24 26 29 31 +3
3 7 8 9 18 30 +6
3 7 8 9 25 30 +6
3 7 8 24 27 29 +9
3 7 9 10 13 22 +6
3 7 9 10 13 22 +13
3 7 9 10 13 30 +6
3 7 9 10 13 30 +13
3 7 9 10 13 32 +6
3 7 9 10 30 32 +6
3 7 9 11 21 26 +3
3 7 9 13 18 25 +6
3 7 9 13 18 32 +6
3 7 9 13 22 32 +6
3 7 9 13 25 27 +6
3 7 9 17 18 30 +6
3 7 9 18 25 27 +6
3 7 9 18 25 30 +6
3 7 9 18 27 30 +6
3 7 9 18 28 30 +6
3 7 9 18 30 32 +6
3 7 10 11 13 18 +9
3 7 10 12 13 22 +11
3 7 10 13 14 22 +3
3 7 10 13 14 22 +6
3 7 10 13 14 22 +9
3 7 10 13 14 22 +12
3 7 10 13 14 22 +13
3 7 10 13 14 22 +16
3 7 10 13 14 32 +3
3 7 10 13 14 32 +9
3 7 10 13 14 32 +13
3 7 10 13 17 22 +11
3 7 10 13 17 22 +13
3 7 10 13 18 22 +9
3 7 10 13 19 22 +11
3 7 10 13 22 25 +3
3 7 10 13 22 25 +6
3 7 10 13 22 25 +9
3 7 10 13 22 25 +12
3 7 10 13 22 25 +13
3 7 10 13 22 30 +9
3 7 10 13 22 30 +13
3 7 10 13 24 29 +9
3 7 10 13 27 29 +9
3 7 10 13 27 30 +9
3 7 10 13 30 32 +6
3 7 11 21 26 31 +3
3 7 13 14 15 25 +3
3 7 13 14 18 25 +6
3 7 13 14 22 25 +3
3 7 13 14 22 25 +9
3 7 13 14 22 30 +6
3 7 13 14 22 32 +3
3 7 13 14 25 26 +3
3 7 13 15 24 25 +11
3 7 13 15 25 26 +3
3 7 13 15 25 33 +3
3 7 13 18 22 32 +6
3 7 13 18 25 27 +6
3 7 13 18 25 30 +6
3 7 13 18 25 32 +6
3 7 13 18 30 32 +6
3 7 13 19 22 25 +11
3 7 13 19 22 26 +9
3 7 13 22 25 32 +12
3 8 9 18 25 32 +6
3 8 9 24 27 29 +9
3 8 10 24 27 29 +9
3 8 11 13 14 19 +9
3 8 11 14 19 20 +9
3 8 11 20 24 27 +9
3 8 11 20 27 29 +9
3 8 11 24 27 29 +9
3 8 12 15 24 29 +9
3 8 12 18 24 27 +9
3 8 12 18 24 29 +9
3 8 12 18 27 29 +9
3 8 12 19 24 29 +9
3 8 12 19 27 29 +9
3 8 12 19 28 29 +11
3 8 12 20 24 27 +9
3 8 12 20 24 29 +9
3 8 12 23 24 29 +9
3 8 12 24 26 29 +9
3 8 12 24 27 29 +9
3 8 12 24 27 31 +9
3 8 12 24 29 31 +9
3 8 12 24 29 32 +9
3 8 13 14 19 22 +9
3 8 13 15 22 33 +3
3 8 13 24 27 29 +9
3 8 14 24 27 29 +9
3 8 15 24 27 29 +9
3 8 16 24 27 29 +9
3 8 17 18 27 29 +9
3 8 17 20 24 27 +9
3 8 17 24 27 29 +9
3 8 18 19 27 29 +9
3 8 18 20 24 29 +9
3 8 18 20 27 29 +9
3 8 18 24 27 29 +9
3 8 19 24 27 29 +9
3 8 19 24 27 31 +9
3 8 19 27 29 31 +9
3 8 20 21 24 27 +9
3 8 20 21 27 29 +9
3 8 20 24 26 27 +9
3 8 20 24 27 29 +9
3 8 20 24 27 31 +9
3 8 20 24 27 32 +9
3 8 20 24 29 32 +9
3 8 21 24 27 29 +9
3 8 22 24 27 29 +9
3 8 23 24 26 29 +3
3 8 23 24 27 29 +9
3 8 24 25 27 29 +9
3 8 24 26 27 29 +9
3 8 24 26 29 31 +3
3 8 24 26 29 31 +9
3 8 24 26 29 32 +3
3 8 24 27 28 29 +9
3 8 24 27 29 30 +9
3 8 24 27 29 31 +9
3 8 24 27 29 32 +9
3 8 24 27 29 33 +9
3 8 24 29 31 32 +3
3 9 10 12 13 30 +6
3 9 10 13 14 22 +3
3 9 10 13 17 30 +6
3 9 10 13 22 30 +6
3 9 10 13 22 30 +9
3 9 10 13 22 32 +13
3 9 10 13 27 30 +6
3 9 10 13 30 32 +6
3 9 11 20 21 26 +3
3 9 11 21 24 26 +3
3 9 11 21 26 31 +3
3 9 11 21 26 32 +3
3 9 12 24 26 29 +3
3 9 12 24 29 31 +9
3 9 13 14 22 25 +3
3 9 23 24 26 29 +3
3 9 24 26 29 31 +3
3 10 11 13 18 22 +9
3 10 12 13 14 22 +11
3 10 12 13 22 27 +9
3 10 12 13 22 29 +9
3 10 12 13 22 30 +9
3 10 12 13 22 30 +11
3 10 12 13 24 27 +9
3 10 12 13 27 29 +9
3 10 12 17 24 27 +4
3 10 12 23 24 29 +9
3 10 12 24 29 31 +9
3 10 13 14 15 22 +3
3 10 13 14 21 22 +3
3 10 13 14 21 32 +3
3 10 13 14 22 25 +3
3 10 13 14 22 25 +9
3 10 13 14 22 32 +3
3 10 13 14 22 33 +3
3 10 13 15 17 30 +4
3 10 13 17 22 30 +4
3 10 13 17 27 30 +4
3 10 13 17 27 32 +4
3 10 13 17 28 30 +4
3 10 13 17 30 32 +4
3 10 13 18 22 24 +9
3 10 13 18 22 28 +9
3 10 13 22 24 27 +9
3 10 13 22 24 29 +9
3 10 13 22 27 29 +9
3 10 13 22 27 30 +9
3 10 13 24 27 29 +9
3 10 13 27 29 30 +9
3 10 17 19 24 27 +4
3 10 17 24 27 29 +4
3 10 17 27 28 30 +4
3 10 19 24 27 29 +9
3 10 22 24 27 29 +9
3 11 12 21 26 31 +3
3 11 12 24 29 31 +9
3 11 13 21 26 31 +3
3 11 15 20 21 31 +3
3 11 15 21 26 31 +3
3 11 17 21 26 31 +3
3 11 18 22 28 29 +6
3 11 20 21 26 31 +3
3 11 21 22 26 31 +3
3 11 21 24 26 31 +3
3 11 21 26 29 31 +3
3 11 21 26 31 32 +3
3 11 21 26 31 33 +3
3 11 24 27 29 31 +9
3 12 13 15 22 33 +3
3 12 14 23 24 29 +3
3 12 14 24 26 29 +3
3 12 15 18 23 24 +9
3 12 15 18 24 29 +9
3 12 15 23 24 27 +9
3 12 15 23 24 29 +9
3 12 15 23 24 31 +9
3 12 15 24 25 29 +9
3 12 15 24 27 29 +9
3 12 15 24 27 31 +9
3 12 15 24 29 31 +9
3 12 15 24 31 32 +9
3 12 17 23 24 29 +9
3 12 17 24 29 31 +9
3 12 17 26 29 31 +9
3 12 18 22 28 29 +11
3 12 18 23 24 29 +9
3 12 18 24 26 29 +9
3 12 18 24 28 29 +9
3 12 18 24 29 31 +9
3 12 19 24 26 29 +9
3 12 19 24 27 29 +9
3 12 19 24 29 31 +9
3 12 20 23 24 29 +9
3 12 20 24 27 29 +9
3 12 20 24 29 31 +9
3 12 21 24 26 29 +3
3 12 21 24 29 31 +9
3 12 21 26 29 31 +3
3 12 21 26 29 31 +9
3 12 23 24 26 29 +3
3 12 23 24 27 29 +9
3 12 23 24 27 31 +9
3 12 23 24 29 32 +9
3 12 23 26 29 31 +3
3 12 24 25 26 29 +9
3 12 24 25 27 29 +9
3 12 24 25 29 31 +9
3 12 24 26 27 29 +3
3 12 24 26 27 29 +9
3 12 24 26 28 29 +9
3 12 24 26 29 31 +3
3 12 24 26 29 31 +9
3 12 24 26 29 32 +3
3 12 24 27 29 31 +3
3 12 24 27 29 31 +9
3 12 24 28 29 31 +9
3 12 24 29 30 31 +9
3 12 24 29 31 32 +9
3 12 25 26 29 31 +9
3 12 26 27 28 29 +9
3 12 26 27 29 31 +9
3 12 26 28 29 31 +9
3 12 26 29 31 32 +9
3 13 14 15 22 25 +3
3 13 24 27 29 30 +9
3 14 21 23 26 29 +3
3 14 21 24 26 29 +3
3 14 23 24 26 29 +3
3 14 23 26 29 31 +3
3 14 23 26 29 32 +3
3 14 24 25 26 29 +3
3 14 24 26 29 31 +3
3 14 24 26 29 32 +3
3 15 20 21 26 31 +3
3 15 24 27 29 31 +9
3 17 19 24 27 29 +9
3 17 20 24 27 29 +9
3 17 24 27 29 31 +9
3 18 20 24 27 29 +9
3 18 24 27 28 29 +9
3 19 20 24 27 29 +9
3 19 24 26 29 31 +3
3 19 24 26 29 31 +9
3 19 24 27 29 31 +9
3 20 21 22 26 31 +3
3 20 23 24 26 29 +3
3 20 24 26 29 31 +3
3 20 24 26 31 32 +3
3 20 24 27 28 29 +9
3 20 24 27 29 31 +9
3 21 23 24 26 29 +3
3 21 24 26 29 31 +3
3 23 24 26 27 29 +3
3 23 24 26 27 29 +9
3 23 24 26 29 31 +3
3 23 24 26 29 32 +3
3 23 24 27 29 30 +9
3 23 24 27 29 31 +9
3 24 25 27 29 31 +9
3 24 26 27 29 31 +3
3 24 26 27 29 31 +9
3 24 26 29 30 31 +3
3 24 26 29 31 32 +3
3 24 26 29 31 32 +9
4 5 6 12 13 19 +9
4 5 6 12 13 23 +9
4 5 6 12 14 28 +9
4 5 6 12 23 28 +9
4 5 6 12 23 30 +9
4 5 6 13 17 28 +3
4 5 6 13 19 28 +1
4 5 6 13 19 28 +3
4 5 6 13 19 28 +5
4 5 6 13 19 28 +9
4 5 6 13 19 28 +10
4 5 6 13 19 28 +11
4 5 6 13 23 28 +9
4 5 6 13 24 28 +9
4 5 6 14 19 28 +9
4 5 6 17 19 28 +3
4 5 6 19 23 28 +9
4 5 6 19 24 28 +1
4 5 6 19 24 28 +9
4 5 7 9 15 28 +3
4 5 7 11 21 26 +3
4 5 8 11 20 21 +3
4 5 9 10 11 21 +3
4 5 9 11 20 21 +3
4 5 9 11 21 26 +3
4 5 9 11 21 28 +3
4 5 9 14 15 26 +3
4 5 9 14 15 33 +3
4 5 9 15 27 28 +3
4 5 9 16 27 31 +3
4 5 10 11 21 26 +3
4 5 10 21 26 28 +3
4 5 11 20 21 26 +3
4 5 11 20 21 27 +3
4 5 11 20 21 28 +3
4 5 11 21 26 28 +3
4 5 11 21 26 31 +3
4 5 12 14 19 28 +9
4 5 12 15 23 24 +9
4 5 12 19 20 23 +9
4 5 12 19 21 28 +9
4 5 12 19 23 28 +9
4 5 13 14 19 22 +9
4 5 13 14 19 28 +9
4 5 13 19 23 28 +9
4 5 13 19 24 28 +9
4 5 13 19 27 28 +9
4 5 20 21 26 28 +3
4 5 21 26 27 28 +3
4 5 21 26 29 31 +3
4 5 26 27 28 33 +9
4 6 7 11 16 33 +11
4 6 7 16 27 33 +11
4 6 9 14 15 25 +3
4 6 9 14 15 33 +3
4 6 9 14 16 33 +3
4 6 9 14 25 28 +3
4 6 9 14 25 33 +3
4 6 11 14 16 33 +11
4 6 11 16 26 33 +11
4 6 13 17 18 28 +1
4 6 13 17 28 32 +1
4 6 13 18 28 32 +12
4 6 13 19 22 28 +1
4 6 14 15 25 26 +4
4 7 8 11 16 33 +11
4 7 9 11 21 26 +3
4 7 9 14 15 26 +3
4 7 9 15 20 26 +3
4 7 11 13 16 33 +11
4 7 11 14 16 26 +11
4 7 11 14 16 33 +11
4 7 11 16 20 33 +11
4 7 11 16 24 33 +11
4 7 11 16 26 33 +11
4 7 11 16 27 33 +11
4 7 11 16 32 33 +11
4 7 11 21 26 31 +3
4 7 12 25 26 28 +13
4 7 14 15 25 26 +10
4 7 14 25 26 28 +6
4 7 14 25 26 28 +10
4 7 14 25 26 29 +3
4 8 11 14 15 16 +11
4 8 11 14 20 32 +2
4 8 11 16 24 26 +11
4 8 11 16 26 27 +11
4 8 11 16 26 33 +11
4 8 12 19 21 28 +11
4 8 12 19 21 28 +13
4 8 12 25 26 28 +13
4 8 14 21 25 28 +13
4 8 16 20 24 26 +11
4 8 16 24 26 27 +3
4 8 16 24 26 27 +11
4 8 19 21 25 28 +3
4 9 10 11 14 15 +11
4 9 10 14 15 19 +3
4 9 10 14 15 22 +3
4 9 10 14 15 26 +3
4 9 10 14 15 33 +3
4 9 11 14 15 16 +11
4 9 11 14 15 19 +11
4 9 11 14 15 20 +11
4 9 11 14 15 26 +3
4 9 11 14 15 26 +11
4 9 11 14 15 33 +3
4 9 11 14 15 33 +11
4 9 11 14 16 26 +11
4 9 11 14 16 33 +11
4 9 11 14 26 33 +3
4 9 11 16 26 33 +11
4 9 11 20 21 26 +3
4 9 11 21 24 26 +3
4 9 11 21 26 31 +3
4 9 11 21 26 32 +3
4 9 11 21 26 33 +3
4 9 12 13 19 28 +11
4 9 12 19 25 28 +13
4 9 13 14 15 33 +3
4 9 14 15 16 20 +7
4 9 14 15 16 20 +11
4 9 14 15 16 22 +3
4 9 14 15 16 22 +11
4 9 14 15 16 26 +3
4 9 14 15 16 26 +6
4 9 14 15 16 26 +11
4 9 14 15 16 33 +11
4 9 14 15 17 26 +3
4 9 14 15 19 26 +3
4 9 14 15 19 33 +3
4 9 14 15 20 22 +7
4 9 14 15 20 26 +3
4 9 14 15 20 26 +7
4 9 14 15 20 26 +11
4 9 14 15 21 33 +3
4 9 14 15 22 25 +3
4 9 14 15 22 26 +3
4 9 14 15 22 26 +11
4 9 14 15 22 30 +3
4 9 14 15 22 31 +3
4 9 14 15 22 33 +3
4 9 14 15 22 33 +11
4 9 14 15 23 26 +3
4 9 14 15 23 33 +3
4 9 14 15 24 26 +3
4 9 14 15 25 26 +3
4 9 14 15 25 28 +3
4 9 14 15 25 33 +3
4 9 14 15 26 27 +3
4 9 14 15 26 28 +3
4 9 14 15 26 29 +3
4 9 14 15 26 30 +3
4 9 14 15 26 31 +3
4 9 14 15 26 32 +3
4 9 14 15 27 33 +11
4 9 14 15 30 33 +3
4 9 14 16 23 26 +3
4 9 14 16 24 26 +3
4 9 14 16 26 33 +3
4 9 14 16 26 33 +11
4 9 14 19 25 28 +3
4 9 14 23 24 26 +3
4 9 14 23 26 33 +3
4 9 14 24 26 27 +3
4 9 14 24 26 29 +3
4 9 14 24 26 33 +3
4 9 14 26 27 33 +3
4 9 14 26 29 33 +3
4 9 15 16 22 27 +3
4 9 15 16 22 30 +3
4 9 15 16 22 31 +3
4 9 15 22 27 31 +3
4 9 15 25 26 33 +3
4 9 15 25 30 33 +3
4 9 15 26 27 33 +3
4 9 16 24 26 27 +3
4 10 13 17 27 30 +4
4 11 13 14 15 16 +11
4 11 13 14 16 20 +11
4 11 13 14 16 22 +11
4 11 13 14 20 22 +11
4 11 13 21 26 31 +3
4 11 14 15 16 20 +11
4 11 14 15 16 22 +11
4 11 14 15 16 26 +11
4 11 14 15 16 27 +11
4 11 14 15 16 31 +11
4 11 14 15 16 33 +11
4 11 14 15 20 22 +11
4 11 14 15 20 26 +11
4 11 14 16 20 22 +11
4 11 14 16 20 26 +11
4 11 14 16 22 26 +11
4 11 14 16 22 31 +11
4 11 14 16 24 26 +11
4 11 14 16 26 27 +11
4 11 14 16 26 31 +11
4 11 14 16 26 33 +11
4 11 14 16 27 33 +11
4 11 14 16 32 33 +11
4 11 14 18 20 22 +6
4 11 14 18 20 22 +11
4 11 14 20 22 30 +11
4 11 14 20 22 32 +11
4 11 15 16 20 26 +11
4 11 15 16 26 33 +11
4 11 15 21 26 31 +3
4 11 16 20 24 26 +11
4 11 16 20 26 27 +11
4 11 16 20 26 33 +11
4 11 16 23 24 26 +11
4 11 16 24 26 27 +11
4 11 16 24 26 33 +11
4 11 16 26 29 33 +11
4 11 16 26 32 33 +11
4 11 21 22 26 31 +3
4 12 13 19 20 28 +11
4 12 13 19 20 28 +13
4 12 13 19 21 28 +13
4 12 13 19 22 28 +13
4 12 13 19 25 28 +13
4 12 14 17 30 31 +10
4 12 14 24 26 29 +3
4 12 14 25 26 28 +13
4 12 16 24 26 27 +3
4 12 19 20 25 28 +13
4 12 19 25 26 28 +13
4 12 21 25 26 28 +13
4 12 23 24 26 29 +3
4 12 24 26 27 29 +3
4 12 24 26 29 31 +9
4 13 14 16 20 22 +11
4 13 14 16 20 26 +11
4 13 14 18 20 22 +16
4 13 14 20 22 32 +11
4 14 15 16 20 22 +3
4 14 15 16 20 22 +11
4 14 15 16 20 27 +11
4 14 15 16 20 31 +11
4 14 15 16 22 26 +3
4 14 15 16 22 27 +3
4 14 15 16 22 27 +11
4 14 15 16 22 30 +3
4 14 15 16 22 31 +3
4 14 15 16 24 26 +3
4 14 15 16 26 27 +3
4 14 15 16 26 27 +4
4 14 15 16 26 27 +11
4 14 15 16 26 30 +3
4 14 15 16 26 31 +3
4 14 15 16 26 31 +11
4 14 15 16 26 33 +3
4 14 15 16 26 33 +11
4 14 15 16 27 33 +11
4 14 15 20 22 26 +11
4 14 15 20 22 30 +6
4 14 15 20 22 30 +11
4 14 15 20 22 31 +3
4 14 15 20 26 33 +3
4 14 15 22 27 31 +3
4 14 15 24 26 29 +3
4 14 15 25 26 33 +3
4 14 15 26 27 33 +3
4 14 16 20 22 30 +11
4 14 16 20 22 31 +11
4 14 16 20 24 26 +11
4 14 16 20 26 27 +11
4 14 16 20 26 33 +11
4 14 16 24 26 27 +3
4 14 18 20 22 29 +6
4 14 18 20 22 30 +6
4 14 18 20 22 30 +11
4 14 18 20 22 30 +12
4 14 18 20 22 30 +14
4 14 18 20 22 30 +16
4 14 19 21 25 28 +10
4 14 23 24 26 29 +3
4 14 24 25 26 29 +3
4 14 24 26 29 31 +3
4 15 16 18 22 27 +3
4 15 16 20 22 31 +3
4 15 16 22 24 27 +3
4 15 16 22 25 27 +3
4 15 16 22 25 30 +3
4 15 16 22 25 31 +3
4 15 16 22 26 27 +3
4 15 16 22 27 30 +3
4 15 16 22 27 31 +3
4 15 16 22 27 33 +3
4 15 16 22 30 31 +3
4 15 16 24 26 27 +3
4 15 16 24 26 27 +4
4 15 16 26 27 33 +3
4 15 16 26 27 33 +4
4 15 20 26 27 33 +4
4 15 22 25 27 31 +3
4 15 22 25 30 33 +3
4 15 25 26 27 33 +3
4 15 25 26 27 33 +4
4 15 26 27 28 33 +3
4 16 18 22 25 30 +3
4 16 20 24 26 27 +3
4 16 24 26 27 31 +3
4 16 24 26 27 31 +11
4 23 24 26 29 31 +3
4 24 26 27 29 31 +3
4 25 26 27 28 33 +3
5 6 7 8 13 19 +15
5 6 7 9 13 18 +3
5 6 7 9 13 18 +6
5 6 7 9 13 18 +15
5 6 7 10 12 13 +15
5 6 7 10 13 18 +15
5 6 7 10 13 19 +1
5 6 7 10 13 19 +12
5 6 7 10 13 19 +15
5 6 7 10 13 23 +12
5 6 7 10 13 23 +15
5 6 7 10 13 28 +15
5 6 7 10 13 29 +15
5 6 7 11 12 13 +11
5 6 7 11 12 13 +15
5 6 7 11 12 18 +11
5 6 7 11 13 19 +12
5 6 7 11 13 19 +15
5 6 7 11 13 20 +15
5 6 7 11 13 28 +1
5 6 7 11 13 28 +11
5 6 7 11 13 28 +15
5 6 7 12 13 14 +11
5 6 7 12 13 14 +15
5 6 7 12 13 15 +11
5 6 7 12 13 15 +15
5 6 7 12 13 19 +9
5 6 7 12 13 19 +11
5 6 7 12 13 19 +15
5 6 7 12 13 20 +15
5 6 7 12 13 23 +9
5 6 7 12 13 23 +12
5 6 7 12 13 23 +15
5 6 7 12 13 28 +1
5 6 7 12 13 28 +4
5 6 7 12 13 28 +5
5 6 7 12 13 28 +6
5 6 7 12 13 28 +9
5 6 7 12 13 28 +11
5 6 7 12 13 28 +12
5 6 7 12 13 28 +13
5 6 7 12 13 28 +15
5 6 7 12 13 28 +16
5 6 7 12 13 32 +11
5 6 7 12 13 32 +15
5 6 7 12 13 33 +11
5 6 7 12 14 23 +12
5 6 7 12 14 28 +9
5 6 7 12 14 28 +12
5 6 7 12 16 28 +11
5 6 7 12 16 28 +12
5 6 7 12 16 32 +11
5 6 7 12 18 28 +12
5 6 7 12 18 33 +11
5 6 7 12 19 23 +12
5 6 7 12 19 28 +9
5 6 7 12 19 28 +11
5 6 7 12 19 28 +16
5 6 7 12 23 28 +9
5 6 7 12 23 28 +12
5 6 7 12 24 28 +12
5 6 7 12 28 30 +12
5 6 7 12 28 32 +9
5 6 7 12 28 32 +11
5 6 7 12 28 32 +12
5 6 7 12 28 33 +12
5 6 7 13 14 19 +15
5 6 7 13 14 23 +12
5 6 7 13 15 17 +11
5 6 7 13 15 18 +11
5 6 7 13 15 18 +15
5 6 7 13 15 19 +11
5 6 7 13 15 19 +15
5 6 7 13 15 28 +15
5 6 7 13 17 18 +1
5 6 7 13 17 18 +11
5 6 7 13 17 18 +15
5 6 7 13 17 19 +1
5 6 7 13 17 19 +11
5 6 7 13 17 19 +12
5 6 7 13 17 19 +13
5 6 7 13 17 19 +15
5 6 7 13 17 28 +1
5 6 7 13 17 28 +11
5 6 7 13 17 28 +15
5 6 7 13 18 19 +6
5 6 7 13 18 19 +9
5 6 7 13 18 19 +11
5 6 7 13 18 19 +12
5 6 7 13 18 19 +15
5 6 7 13 18 20 +3
5 6 7 13 18 20 +15
5 6 7 13 18 22 +15
5 6 7 13 18 23 +1
5 6 7 13 18 23 +12
5 6 7 13 18 23 +15
5 6 7 13 18 25 +6
5 6 7 13 18 25 +11
5 6 7 13 18 25 +15
5 6 7 13 18 26 +15
5 6 7 13 18 28 +1
5 6 7 13 18 28 +3
5 6 7 13 18 28 +9
5 6 7 13 18 28 +11
5 6 7 13 18 28 +12
5 6 7 13 18 28 +15
5 6 7 13 18 29 +15
5 6 7 13 18 32 +1
5 6 7 13 18 32 +3
5 6 7 13 18 32 +6
5 6 7 13 18 32 +11
5 6 7 13 18 32 +12
5 6 7 13 18 32 +13
5 6 7 13 18 32 +15
5 6 7 13 18 33 +11
5 6 7 13 18 33 +15
5 6 7 13 19 20 +15
5 6 7 13 19 21 +15
5 6 7 13 19 22 +6
5 6 7 13 19 22 +12
5 6 7 13 19 22 +15
5 6 7 13 19 23 +1
5 6 7 13 19 23 +9
5 6 7 13 19 23 +12
5 6 7 13 19 23 +15
5 6 7 13 19 24 +15
5 6 7 13 19 26 +15
5 6 7 13 19 27 +15
5 6 7 13 19 28 +1
5 6 7 13 19 28 +5
5 6 7 13 19 28 +6
5 6 7 13 19 28 +11
5 6 7 13 19 28 +12
5 6 7 13 19 28 +15
5 6 7 13 19 28 +16
5 6 7 13 19 29 +12
5 6 7 13 19 29 +15
5 6 7 13 19 32 +15
5 6 7 13 20 28 +1
5 6 7 13 20 28 +15
5 6 7 13 22 23 +9
5 6 7 13 22 28 +11
5 6 7 13 22 28 +15
5 6 7 13 22 32 +15
5 6 7 13 23 28 +1
5 6 7 13 23 28 +9
5 6 7 13 23 29 +12
5 6 7 13 24 28 +1
5 6 7 14 19 28 +9
5 6 7 15 25 33 +11
5 6 7 19 23 28 +9
5 6 8 11 14 19 +9
5 6 8 11 19 28 +9
5 6 8 12 14 19 +9
5 6 8 12 19 28 +9
5 6 8 13 14 19 +9
5 6 8 13 19 23 +9
5 6 8 13 19 28 +3
5 6 8 13 19 28 +5
5 6 8 13 19 28 +9
5 6 8 14 19 20 +9
5 6 8 14 19 22 +9
5 6 8 14 19 23 +9
5 6 8 14 19 24 +9
5 6 8 14 19 27 +9
5 6 8 14 19 28 +9
5 6 8 14 19 32 +9
5 6 8 14 19 33 +9
5 6 8 19 23 28 +9
5 6 8 19 24 28 +9
5 6 8 19 28 33 +9
5 6 9 11 21 26 +3
5 6 9 12 14 28 +9
5 6 9 13 19 28 +1
5 6 9 13 19 28 +3
5 6 9 13 19 28 +5
5 6 9 13 19 28 +6
5 6 9 13 19 28 +9
5 6 9 13 19 28 +11
5 6 9 13 19 28 +12
5 6 9 13 19 28 +13
5 6 9 13 19 28 +16
5 6 9 14 19 28 +3
5 6 9 14 19 28 +9
5 6 9 19 23 28 +9
5 6 9 19 24 28 +9
5 6 10 12 19 28 +9
5 6 10 13 14 19 +9
5 6 10 13 19 28 +1
5 6 10 13 19 28 +5
5 6 10 13 19 28 +11
5 6 10 13 19 28 +15
5 6 10 14 19 28 +9
5 6 10 19 23 28 +9
5 6 10 19 28 33 +9
5 6 11 12 14 28 +9
5 6 11 12 19 28 +9
5 6 11 12 19 28 +11
5 6 11 13 14 19 +9
5 6 11 13 18 19 +9
5 6 11 13 18 28 +1
5 6 11 13 18 28 +6
5 6 11 13 18 28 +12
5 6 11 13 19 22 +9
5 6 11 13 19 23 +9
5 6 11 13 19 24 +9
5 6 11 13 19 28 +1
5 6 11 13 19 28 +5
5 6 11 13 19 28 +6
5 6 11 13 19 28 +9
5 6 11 13 19 28 +10
5 6 11 13 19 28 +11
5 6 11 13 19 28 +12
5 6 11 13 19 28 +15
5 6 11 13 19 28 +16
5 6 11 13 24 28 +1
5 6 11 14 19 22 +9
5 6 11 14 19 24 +9
5 6 11 14 19 28 +9
5 6 11 14 19 28 +10
5 6 11 14 19 33 +9
5 6 11 18 19 28 +9
5 6 11 19 21 28 +9
5 6 11 19 23 28 +9
5 6 11 19 26 28 +9
5 6 11 19 27 28 +9
5 6 11 19 28 33 +9
5 6 12 13 14 28 +9
5 6 12 13 14 28 +11
5 6 12 13 15 28 +9
5 6 12 13 17 28 +11
5 6 12 13 18 23 +9
5 6 12 13 18 28 +1
5 6 12 13 18 28 +9
5 6 12 13 18 28 +11
5 6 12 13 19 22 +11
5 6 12 13 19 23 +9
5 6 12 13 19 26 +9
5 6 12 13 19 28 +1
5 6 12 13 19 28 +4
5 6 12 13 19 28 +5
5 6 12 13 19 28 +9
5 6 12 13 19 28 +11
5 6 12 13 19 28 +12
5 6 12 13 19 28 +13
5 6 12 13 19 28 +14
5 6 12 13 19 28 +16
5 6 12 13 22 28 +11
5 6 12 13 23 28 +9
5 6 12 13 23 30 +9
5 6 12 14 15 19 +11
5 6 12 14 15 28 +9
5 6 12 14 16 28 +9
5 6 12 14 17 28 +9
5 6 12 14 18 28 +9
5 6 12 14 19 28 +1
5 6 12 14 19 28 +6
5 6 12 14 19 28 +9
5 6 12 14 19 28 +10
5 6 12 14 19 28 +11
5 6 12 14 19 28 +12
5 6 12 14 19 28 +13
5 6 12 14 19 28 +16
5 6 12 14 19 33 +9
5 6 12 14 21 28 +9
5 6 12 14 22 28 +9
5 6 12 14 23 28 +9
5 6 12 14 24 28 +9
5 6 12 14 25 28 +9
5 6 12 14 26 28 +9
5 6 12 14 28 29 +9
5 6 12 14 28 30 +9
5 6 12 14 28 31 +9
5 6 12 14 28 32 +9
5 6 12 14 28 33 +9
5 6 12 15 19 28 +9
5 6 12 15 23 24 +9
5 6 12 15 23 28 +9
5 6 12 16 19 28 +9
5 6 12 17 19 28 +9
5 6 12 17 19 28 +11
5 6 12 18 19 28 +9
5 6 12 18 19 28 +12
5 6 12 19 20 28 +9
5 6 12 19 21 28 +9
5 6 12 19 22 28 +9
5 6 12 19 22 28 +11
5 6 12 19 23 28 +5
5 6 12 19 23 28 +9
5 6 12 19 23 28 +11
5 6 12 19 24 28 +1
5 6 12 19 24 28 +9
5 6 12 19 24 28 +11
5 6 12 19 25 28 +9
5 6 12 19 26 28 +9
5 6 12 19 27 28 +9
5 6 12 19 28 29 +11
5 6 12 19 28 30 +9
5 6 12 19 28 31 +9
5 6 12 19 28 33 +9
5 6 12 22 23 28 +9
5 6 12 22 26 28 +9
5 6 12 22 28 29 +11
5 6 12 23 24 28 +9
5 6 12 23 26 28 +9
5 6 12 23 27 28 +9
5 6 12 23 28 30 +9
5 6 12 23 28 32 +9
5 6 12 23 28 33 +9
5 6 13 14 18 19 +9
5 6 13 14 19 20 +9
5 6 13 14 19 22 +9
5 6 13 14 19 23 +9
5 6 13 14 19 27 +9
5 6 13 14 19 28 +1
5 6 13 14 19 28 +5
5 6 13 14 19 28 +6
5 6 13 14 19 28 +9
5 6 13 14 19 28 +10
5 6 13 14 19 28 +11
5 6 13 14 19 28 +12
5 6 13 14 19 28 +13
5 6 13 14 19 28 +16
5 6 13 14 19 30 +9
5 6 13 14 19 33 +9
5 6 13 14 22 23 +9
5 6 13 14 22 28 +9
5 6 13 14 23 28 +9
5 6 13 14 24 28 +9
5 6 13 15 17 28 +11
5 6 13 15 19 28 +1
5 6 13 15 19 28 +5
5 6 13 15 19 28 +9
5 6 13 15 19 28 +11
5 6 13 16 19 28 +3
5 6 13 16 19 28 +5
5 6 13 17 18 28 +1
5 6 13 17 18 28 +11
5 6 13 17 18 28 +12
5 6 13 17 18 28 +15
5 6 13 17 19 22 +11
5 6 13 17 19 28 +11
5 6 13 17 22 28 +11
5 6 13 17 23 28 +9
5 6 13 17 28 32 +4
5 6 13 18 19 23 +9
5 6 13 18 19 28 +1
5 6 13 18 19 28 +3
5 6 13 18 19 28 +5
5 6 13 18 19 28 +9
5 6 13 18 19 28 +11
5 6 13 18 19 28 +12
5 6 13 18 19 28 +15
5 6 13 18 19 28 +16
5 6 13 18 22 28 +6
5 6 13 18 22 28 +12
5 6 13 18 24 28 +1
5 6 13 18 26 28 +12
5 6 13 18 28 32 +1
5 6 13 18 28 32 +6
5 6 13 18 28 32 +12
5 6 13 19 20 23 +9
5 6 13 19 20 28 +1
5 6 13 19 20 28 +3
5 6 13 19 20 28 +5
5 6 13 19 20 28 +9
5 6 13 19 20 28 +11
5 6 13 19 20 28 +15
5 6 13 19 21 28 +9
5 6 13 19 22 26 +9
5 6 13 19 22 28 +6
5 6 13 19 22 28 +11
5 6 13 19 23 24 +9
5 6 13 19 23 26 +9
5 6 13 19 23 27 +9
5 6 13 19 23 28 +1
5 6 13 19 23 28 +5
5 6 13 19 23 28 +6
5 6 13 19 23 28 +9
5 6 13 19 23 28 +11
5 6 13 19 23 28 +12
5 6 13 19 23 28 +15
5 6 13 19 23 28 +16
5 6 13 19 24 28 +1
5 6 13 19 24 28 +3
5 6 13 19 24 28 +4
5 6 13 19 24 28 +5
5 6 13 19 24 28 +6
5 6 13 19 24 28 +9
5 6 13 19 24 28 +10
5 6 13 19 24 28 +11
5 6 13 19 24 28 +12
5 6 13 19 24 28 +13
5 6 13 19 24 28 +14
5 6 13 19 24 28 +15
5 6 13 19 24 28 +16
5 6 13 19 25 28 +10
5 6 13 19 26 28 +1
5 6 13 19 26 28 +3
5 6 13 19 26 28 +5
5 6 13 19 26 28 +9
5 6 13 19 26 28 +10
5 6 13 19 26 28 +11
5 6 13 19 26 28 +12
5 6 13 19 27 28 +9
5 6 13 19 28 29 +1
5 6 13 19 28 29 +5
5 6 13 19 28 29 +11
5 6 13 19 28 30 +9
5 6 13 19 28 32 +1
5 6 13 19 28 32 +3
5 6 13 19 28 32 +5
5 6 13 19 28 32 +11
5 6 13 19 28 32 +12
5 6 13 19 28 33 +3
5 6 13 19 28 33 +9
5 6 13 20 24 28 +1
5 6 13 20 24 28 +9
5 6 13 22 28 29 +11
5 6 13 23 26 28 +9
5 6 13 23 27 28 +9
5 6 14 15 19 28 +9
5 6 14 16 19 28 +9
5 6 14 17 19 28 +9
5 6 14 17 19 28 +16
5 6 14 18 19 28 +9
5 6 14 19 20 28 +9
5 6 14 19 21 28 +9
5 6 14 19 22 24 +9
5 6 14 19 22 28 +9
5 6 14 19 22 28 +10
5 6 14 19 22 28 +16
5 6 14 19 22 33 +9
5 6 14 19 23 28 +5
5 6 14 19 23 28 +9
5 6 14 19 23 33 +9
5 6 14 19 24 28 +1
5 6 14 19 24 28 +5
5 6 14 19 24 28 +6
5 6 14 19 24 28 +9
5 6 14 19 24 28 +10
5 6 14 19 24 28 +12
5 6 14 19 24 28 +13
5 6 14 19 24 28 +16
5 6 14 19 24 33 +9
5 6 14 19 25 28 +1
5 6 14 19 25 28 +9
5 6 14 19 25 28 +10
5 6 14 19 26 28 +9
5 6 14 19 27 28 +9
5 6 14 19 28 29 +9
5 6 14 19 28 30 +9
5 6 14 19 28 31 +9
5 6 14 19 28 32 +9
5 6 14 19 28 33 +9
5 6 14 22 23 28 +9
5 6 14 22 28 33 +9
5 6 14 23 28 33 +9
5 6 14 24 25 28 +10
5 6 15 17 19 28 +11
5 6 15 19 22 28 +9
5 6 15 19 23 28 +9
5 6 15 19 24 28 +9
5 6 15 19 24 28 +11
5 6 15 19 28 29 +11
5 6 15 19 28 33 +9
5 6 16 19 23 28 +9
5 6 17 19 20 28 +9
5 6 17 19 22 28 +11
5 6 17 19 23 28 +9
5 6 17 19 24 28 +9
5 6 17 19 24 28 +11
5 6 17 19 26 28 +9
5 6 17 19 27 28 +9
5 6 17 19 28 32 +3
5 6 18 19 23 28 +9
5 6 18 19 24 28 +9
5 6 18 19 26 28 +9
5 6 18 19 28 32 +3
5 6 19 20 23 28 +9
5 6 19 20 24 28 +1
5 6 19 20 24 28 +9
5 6 19 20 27 28 +9
5 6 19 20 28 33 +9
5 6 19 21 23 28 +9
5 6 19 21 24 28 +9
5 6 19 21 26 28 +9
5 6 19 21 28 33 +9
5 6 19 22 23 28 +9
5 6 19 22 24 28 +1
5 6 19 22 24 28 +9
5 6 19 22 26 33 +9
5 6 19 22 27 28 +9
5 6 19 22 28 29 +6
5 6 19 22 28 29 +11
5 6 19 22 28 33 +9
5 6 19 23 24 28 +5
5 6 19 23 24 28 +9
5 6 19 23 25 28 +9
5 6 19 23 26 28 +9
5 6 19 23 27 28 +9
5 6 19 23 28 29 +9
5 6 19 23 28 30 +9
5 6 19 23 28 32 +9
5 6 19 23 28 33 +9
5 6 19 24 26 28 +9
5 6 19 24 27 28 +9
5 6 19 24 28 29 +9
5 6 19 24 28 31 +9
5 6 19 24 28 33 +1
5 6 19 24 28 33 +5
5 6 19 24 28 33 +9
5 6 19 25 28 33 +9
5 6 19 26 28 32 +9
5 6 19 26 28 33 +9
5 6 19 27 28 33 +9
5 6 22 23 26 28 +9
5 6 22 23 26 33 +9
5 6 22 26 28 32 +9
5 6 22 26 28 33 +9
5 7 8 11 20 21 +16
5 7 8 12 16 21 +16
5 7 9 11 21 26 +3
5 7 10 13 17 19 +1
5 7 11 15 21 26 +3
5 7 11 20 21 26 +3
5 7 11 20 21 27 +3
5 7 11 20 26 28 +3
5 7 11 20 26 33 +3
5 7 11 21 26 28 +3
5 7 11 21 26 31 +3
5 7 11 21 26 33 +3
5 7 12 13 19 28 +11
5 7 12 14 19 28 +9
5 7 12 15 23 24 +9
5 7 13 14 19 22 +9
5 7 13 17 19 22 +11
5 7 13 17 19 28 +11
5 7 13 19 22 28 +11
5 7 20 21 26 28 +3
5 7 20 21 26 31 +3
5 7 20 21 26 33 +3
5 8 9 11 20 21 +3
5 8 9 11 21 26 +3
5 8 11 13 14 19 +9
5 8 11 14 19 20 +9
5 8 11 14 19 28 +9
5 8 11 14 19 33 +9
5 8 11 18 22 29 +6
5 8 11 20 21 26 +3
5 8 11 20 21 27 +3
5 8 11 20 21 27 +6
5 8 12 14 19 28 +9
5 8 12 14 19 33 +9
5 8 13 14 19 20 +9
5 8 13 14 19 28 +9
5 8 13 14 19 33 +9
5 8 13 19 20 28 +9
5 8 13 19 24 28 +9
5 8 13 19 28 33 +9
5 8 14 19 20 33 +9
5 8 14 19 21 33 +9
5 8 14 19 22 23 +9
5 8 14 19 22 24 +9
5 8 14 19 22 27 +9
5 8 14 19 22 28 +9
5 8 14 19 22 33 +9
5 8 14 19 23 33 +9
5 8 14 19 24 28 +9
5 8 14 19 24 33 +9
5 8 14 19 27 33 +9
5 8 14 19 28 33 +9
5 8 19 21 24 28 +9
5 8 19 22 28 33 +9
5 8 19 24 28 33 +9
5 8 20 21 27 31 +3
5 9 10 11 20 21 +3
5 9 10 11 21 26 +3
5 9 11 12 21 26 +3
5 9 11 13 21 26 +3
5 9 11 14 21 26 +3
5 9 11 15 21 26 +3
5 9 11 15 23 24 +7
5 9 11 16 21 26 +3
5 9 11 17 21 26 +3
5 9 11 17 23 24 +5
5 9 11 18 21 26 +3
5 9 11 19 21 26 +3
5 9 11 20 21 24 +3
5 9 11 20 21 26 +3
5 9 11 20 21 27 +3
5 9 11 20 21 28 +3
5 9 11 20 21 31 +3
5 9 11 20 21 33 +3
5 9 11 20 26 27 +3
5 9 11 20 26 28 +3
5 9 11 20 26 33 +3
5 9 11 21 22 26 +3
5 9 11 21 23 26 +3
5 9 11 21 24 26 +3
5 9 11 21 25 26 +3
5 9 11 21 26 27 +3
5 9 11 21 26 28 +3
5 9 11 21 26 29 +3
5 9 11 21 26 30 +3
5 9 11 21 26 31 +3
5 9 11 21 26 32 +3
5 9 11 21 26 33 +3
5 9 11 23 24 26 +3
5 9 11 23 24 29 +3
5 9 12 13 19 28 +9
5 9 12 13 19 28 +11
5 9 12 14 19 28 +9
5 9 12 15 23 24 +9
5 9 12 26 29 31 +3
5 9 13 17 19 28 +11
5 9 13 19 22 28 +11
5 9 15 17 23 24 +7
5 9 20 21 26 27 +3
5 9 20 21 26 28 +3
5 9 20 21 26 33 +3
5 9 21 26 29 31 +3
5 9 23 24 26 29 +3
5 10 11 12 23 24 +5
5 10 11 12 23 24 +16
5 10 11 17 23 24 +5
5 10 11 17 23 24 +7
5 10 11 18 22 29 +6
5 10 11 20 21 26 +3
5 10 11 20 21 28 +3
5 10 11 21 23 24 +5
5 10 11 21 23 26 +3
5 10 11 23 24 28 +16
5 10 11 23 24 29 +6
5 10 12 14 19 28 +9
5 10 12 15 23 24 +9
5 10 12 15 23 24 +11
5 10 13 14 19 22 +9
5 10 13 14 19 28 +9
5 10 13 19 20 28 +9
5 10 13 19 22 28 +9
5 10 20 21 26 28 +3
5 11 12 14 19 28 +9
5 11 12 15 23 24 +9
5 11 12 15 23 24 +11
5 11 12 17 23 24 +5
5 11 12 20 21 26 +3
5 11 12 21 23 24 +5
5 11 12 21 26 28 +3
5 11 13 14 19 22 +9
5 11 13 14 19 28 +9
5 11 13 18 19 28 +9
5 11 13 18 26 28 +9
5 11 13 19 22 28 +9
5 11 13 19 24 28 +9
5 11 13 19 26 28 +9
5 11 14 19 22 28 +9
5 11 14 19 24 28 +9
5 11 14 19 28 33 +9
5 11 14 23 24 26 +3
5 11 15 20 21 26 +3
5 11 15 20 21 31 +3
5 11 15 21 26 31 +3
5 11 16 20 21 26 +3
5 11 18 19 26 28 +9
5 11 18 20 21 26 +3
5 11 18 20 26 28 +3
5 11 18 21 26 28 +3
5 11 18 22 28 29 +6
5 11 19 20 21 27 +3
5 11 19 23 24 28 +9
5 11 20 21 23 26 +3
5 11 20 21 24 26 +3
5 11 20 21 26 27 +3
5 11 20 21 26 28 +3
5 11 20 21 26 29 +3
5 11 20 21 26 30 +3
5 11 20 21 26 32 +3
5 11 20 21 26 33 +3
5 11 20 21 27 28 +3
5 11 20 21 27 30 +3
5 11 20 21 27 31 +3
5 11 20 21 27 33 +3
5 11 20 21 28 33 +3
5 11 20 26 27 28 +3
5 11 20 26 28 33 +3
5 11 21 23 26 28 +3
5 11 21 26 27 28 +3
5 11 21 26 27 33 +3
5 11 21 26 28 31 +3
5 11 21 26 28 31 +6
5 11 21 26 28 33 +3
5 11 21 26 29 31 +3
5 11 21 26 31 32 +3
5 11 21 26 31 33 +3
5 11 23 24 26 29 +3
5 12 13 14 19 22 +9
5 12 13 14 19 28 +9
5 12 13 15 19 28 +11
5 12 13 15 23 24 +9
5 12 13 17 19 28 +9
5 12 13 19 21 28 +9
5 12 13 19 22 28 +5
5 12 13 19 22 28 +6
5 12 13 19 22 28 +9
5 12 13 19 22 28 +11
5 12 13 19 22 28 +13
5 12 13 19 23 28 +5
5 12 13 19 23 28 +9
5 12 13 19 24 28 +9
5 12 13 19 26 28 +9
5 12 13 19 28 29 +9
5 12 13 19 28 33 +9
5 12 14 15 19 28 +9
5 12 14 15 19 28 +11
5 12 14 15 23 24 +9
5 12 14 15 23 28 +9
5 12 14 17 19 28 +9
5 12 14 19 21 28 +9
5 12 14 19 22 28 +9
5 12 14 19 23 24 +9
5 12 14 19 23 28 +9
5 12 14 19 23 33 +9
5 12 14 19 24 28 +9
5 12 14 19 25 28 +9
5 12 14 19 26 28 +9
5 12 14 19 28 29 +9
5 12 14 19 28 33 +9
5 12 14 22 23 28 +9
5 12 14 23 24 26 +3
5 12 14 23 24 26 +9
5 12 14 23 24 28 +9
5 12 14 23 24 29 +3
5 12 14 23 26 28 +9
5 12 14 23 28 32 +9
5 12 14 23 28 33 +9
5 12 14 24 26 29 +3
5 12 15 16 23 24 +9
5 12 15 17 23 24 +9
5 12 15 18 23 24 +9
5 12 15 19 23 24 +9
5 12 15 19 23 28 +9
5 12 15 19 28 29 +11
5 12 15 20 23 24 +9
5 12 15 21 23 24 +9
5 12 15 23 24 25 +9
5 12 15 23 24 26 +9
5 12 15 23 24 27 +9
5 12 15 23 24 28 +9
5 12 15 23 24 29 +9
5 12 15 23 24 30 +9
5 12 15 23 24 31 +9
5 12 15 23 24 32 +9
5 12 15 23 24 33 +9
5 12 18 22 28 29 +11
5 12 19 21 23 28 +9
5 12 19 21 24 28 +9
5 12 19 22 23 28 +9
5 12 19 22 28 29 +9
5 12 19 23 24 28 +9
5 12 19 23 24 33 +9
5 12 19 23 26 28 +9
5 12 19 23 28 29 +9
5 12 19 23 28 32 +9
5 12 19 23 28 33 +9
5 12 19 26 28 29 +9
5 12 20 21 26 28 +3
5 12 21 26 29 31 +3
5 12 22 26 28 33 +9
5 12 23 24 26 29 +3
5 12 23 24 28 32 +9
5 12 23 24 28 33 +9
5 12 23 26 27 28 +9
5 12 23 26 28 33 +9
5 12 24 26 29 31 +9
5 13 14 17 19 22 +9
5 13 14 18 19 28 +9
5 13 14 19 20 22 +9
5 13 14 19 20 28 +9
5 13 14 19 22 23 +9
5 13 14 19 22 24 +9
5 13 14 19 22 26 +9
5 13 14 19 22 28 +5
5 13 14 19 22 28 +6
5 13 14 19 22 28 +9
5 13 14 19 22 29 +9
5 13 14 19 22 30 +9
5 13 14 19 22 32 +9
5 13 14 19 22 33 +9
5 13 14 19 23 28 +5
5 13 14 19 23 28 +9
5 13 14 19 24 28 +1
5 13 14 19 24 28 +5
5 13 14 19 24 28 +9
5 13 14 19 26 28 +9
5 13 14 19 27 28 +9
5 13 14 19 28 33 +9
5 13 15 19 24 28 +9
5 13 16 19 23 28 +9
5 13 17 19 20 28 +9
5 13 17 19 20 28 +11
5 13 17 19 22 28 +6
5 13 17 19 22 28 +11
5 13 17 19 22 28 +13
5 13 17 19 23 28 +9
5 13 17 19 24 28 +5
5 13 17 19 24 28 +9
5 13 17 19 24 28 +11
5 13 17 19 26 28 +9
5 13 18 19 20 28 +9
5 13 18 19 22 28 +6
5 13 18 19 22 28 +9
5 13 18 19 24 28 +9
5 13 18 19 26 28 +9
5 13 19 20 22 28 +9
5 13 19 20 24 28 +1
5 13 19 20 24 28 +9
5 13 19 20 27 28 +9
5 13 19 20 28 33 +9
5 13 19 21 23 28 +9
5 13 19 21 24 28 +9
5 13 19 22 24 28 +1
5 13 19 22 24 28 +6
5 13 19 22 24 28 +9
5 13 19 22 24 28 +11
5 13 19 22 27 28 +9
5 13 19 22 28 29 +5
5 13 19 22 28 29 +6
5 13 19 22 28 31 +6
5 13 19 23 24 28 +9
5 13 19 23 26 28 +9
5 13 19 23 27 28 +9
5 13 19 23 28 30 +9
5 13 19 23 28 33 +9
5 13 19 24 26 28 +9
5 13 19 24 27 28 +9
5 13 19 24 28 30 +9
5 13 19 24 28 33 +5
5 13 19 26 28 33 +9
5 13 19 27 28 33 +9
5 13 22 23 26 28 +9
5 13 22 23 27 28 +9
5 13 22 26 28 33 +9
5 13 23 26 27 28 +9
5 13 23 26 28 33 +9
5 14 19 21 23 28 +9
5 14 19 22 23 28 +9
5 14 19 22 23 33 +9
5 14 19 22 28 33 +9
5 14 19 23 24 28 +9
5 14 19 23 26 28 +9
5 14 19 23 28 33 +9
5 14 19 24 25 28 +10
5 14 22 26 28 33 +9
5 14 23 24 26 28 +9
5 14 23 24 26 29 +3
5 14 23 26 28 33 +9
5 14 24 25 26 29 +3
5 14 24 25 26 29 +6
5 14 24 26 29 30 +3
5 14 24 26 29 31 +3
5 14 24 26 29 32 +3
5 15 22 24 28 33 +9
5 15 22 26 28 33 +9
5 15 23 24 28 33 +9
5 17 22 26 28 33 +9
5 19 20 26 27 28 +9
5 19 20 27 28 33 +9
5 19 21 23 24 28 +9
5 19 22 23 24 28 +9
5 19 22 23 26 28 +9
5 19 22 23 28 33 +9
5 19 22 26 28 33 +9
5 19 22 27 28 33 +9
5 19 23 24 26 28 +9
5 19 23 24 28 33 +9
5 19 23 26 27 28 +9
5 19 23 26 28 33 +9
5 19 23 27 28 33 +9
5 19 26 27 28 33 +9
5 20 21 23 26 28 +3
5 20 21 26 27 28 +3
5 20 21 26 27 28 +9
5 20 21 26 27 31 +3
5 20 21 26 28 31 +3
5 20 21 26 28 33 +3
5 20 22 26 27 28 +9
5 20 22 26 28 33 +9
5 20 23 26 27 28 +9
5 20 23 26 28 33 +9
5 21 22 26 28 33 +9
5 21 24 26 29 31 +3
5 22 23 26 27 28 +9
5 22 23 26 28 33 +9
5 22 24 26 28 33 +9
5 22 26 27 28 33 +9
5 22 26 28 32 33 +9
5 23 24 26 29 31 +3
5 23 24 27 28 33 +9
5 23 26 27 28 33 +9
6 7 12 13 19 28 +11
6 7 13 17 19 22 +11
6 7 13 17 19 26 +11
6 7 13 17 19 28 +11
6 7 13 18 28 32 +12
6 7 13 19 22 28 +11
6 7 16 24 27 33 +11
6 7 18 25 30 33 +6
6 7 19 22 28 29 +2
6 8 14 19 28 33 +9
6 8 14 23 24 29 +3
6 8 14 24 26 29 +3
6 8 24 26 29 31 +3
6 9 10 14 15 19 +3
6 9 10 14 19 25 +3
6 9 10 14 19 25 +11
6 9 10 14 19 28 +3
6 9 11 20 21 26 +3
6 9 11 21 24 26 +3
6 9 11 21 26 31 +3
6 9 12 13 19 28 +11
6 9 12 14 19 28 +11
6 9 12 15 19 28 +11
6 9 13 17 19 28 +11
6 9 13 18 28 32 +12
6 9 14 15 19 25 +3
6 9 14 15 24 25 +3
6 9 14 23 24 26 +3
6 9 18 19 28 32 +3
6 10 13 17 22 30 +4
6 10 13 17 27 30 +4
6 10 13 17 28 30 +4
6 10 13 17 28 32 +1
6 10 13 17 30 32 +4
6 10 17 19 28 32 +3
6 11 13 19 24 28 +1
6 11 13 19 24 28 +9
6 11 21 26 29 31 +3
6 12 13 15 19 28 +11
6 12 13 17 19 28 +11
6 12 13 19 22 28 +1
6 12 13 19 22 28 +2
6 12 13 19 22 28 +11
6 12 13 19 23 28 +5
6 12 13 19 28 29 +1
6 12 14 15 19 28 +11
6 12 14 19 30 31 +9
6 12 15 19 28 29 +11
6 12 15 22 28 29 +11
6 12 15 24 31 32 +9
6 12 17 24 30 31 +9
6 12 19 22 28 29 +11
6 12 19 23 26 28 +9
6 12 23 24 26 29 +3
6 12 24 26 29 31 +9
6 12 24 29 30 31 +9
6 12 24 29 31 32 +9
6 13 14 19 22 28 +9
6 13 14 19 24 28 +9
6 13 15 17 19 28 +11
6 13 15 18 28 32 +12
6 13 15 19 24 28 +1
6 13 15 19 28 29 +11
6 13 17 18 19 28 +11
6 13 17 18 19 28 +12
6 13 17 18 20 28 +1
6 13 17 19 20 28 +11
6 13 17 19 22 28 +1
6 13 17 19 22 28 +11
6 13 17 19 22 28 +13
6 13 17 19 24 28 +1
6 13 17 19 24 28 +11
6 13 17 19 26 28 +11
6 13 17 19 26 28 +12
6 13 17 19 28 29 +11
6 13 17 19 28 32 +1
6 13 17 19 28 32 +4
6 13 17 19 28 32 +9
6 13 17 19 28 32 +11
6 13 17 19 28 32 +12
6 13 17 20 28 32 +1
6 13 17 22 28 29 +11
6 13 17 27 28 30 +4
6 13 17 28 30 32 +1
6 13 18 19 24 28 +1
6 13 18 19 24 28 +9
6 13 18 19 26 28 +1
6 13 18 19 26 28 +9
6 13 18 19 26 28 +12
6 13 18 19 28 32 +1
6 13 18 19 28 32 +5
6 13 18 19 28 32 +6
6 13 18 19 28 32 +9
6 13 18 19 28 32 +12
6 13 18 26 28 32 +6
6 13 18 26 28 32 +12
6 13 19 20 24 28 +1
6 13 19 20 24 28 +9
6 13 19 22 24 28 +1
6 13 19 22 24 28 +11
6 13 19 22 26 28 +1
6 13 19 22 26 28 +9
6 13 19 22 26 28 +11
6 13 19 22 28 29 +1
6 13 19 22 28 29 +5
6 13 19 22 28 29 +11
6 13 19 23 24 28 +1
6 13 19 23 24 28 +9
6 13 19 23 26 28 +9
6 13 19 23 28 29 +5
6 14 15 24 25 28 +10
6 14 19 22 28 33 +9
6 14 19 23 28 33 +9
6 14 19 24 25 28 +10
6 14 23 24 26 29 +3
6 14 24 25 26 29 +3
6 14 24 26 29 31 +3
6 15 18 19 28 32 +3
6 15 18 19 28 32 +6
6 15 18 19 28 32 +12
6 15 18 19 28 32 +14
6 15 19 22 28 29 +11
6 17 19 22 28 29 +11
6 19 22 23 26 28 +9
6 19 22 26 28 33 +9
6 23 24 26 29 31 +3
7 8 12 16 17 21 +1
7 8 12 16 17 21 +16
7 8 12 16 19 21 +16
7 8 12 21 25 28 +13
7 8 14 15 25 26 +6
7 8 14 18 25 26 +6
7 8 14 18 25 27 +6
7 8 16 17 21 29 +1
7 8 17 18 25 27 +6
7 8 17 19 21 24 +11
7 8 17 21 23 24 +11
7 8 18 20 25 27 +6
7 8 18 25 27 29 +6
7 8 18 25 27 31 +6
7 8 18 25 27 33 +6
7 9 11 12 21 26 +3
7 9 11 14 21 26 +3
7 9 11 15 21 26 +3
7 9 11 17 21 26 +3
7 9 11 20 21 26 +3
7 9 11 21 23 26 +3
7 9 11 21 24 26 +3
7 9 11 21 25 26 +3
7 9 11 21 26 28 +3
7 9 11 21 26 29 +3
7 9 11 21 26 31 +3
7 9 11 21 26 32 +3
7 9 11 21 26 33 +3
7 9 12 16 17 21 +1
7 9 13 18 25 27 +6
7 9 13 18 25 30 +6
7 9 18 25 27 30 +6
7 9 18 25 27 32 +6
7 9 18 25 30 33 +6
7 10 12 16 17 21 +1
7 10 13 14 15 19 +11
7 10 13 17 19 22 +11
7 10 13 17 19 29 +11
7 10 13 17 22 30 +4
7 10 13 17 22 32 +13
7 11 15 20 21 26 +3
7 11 15 20 21 31 +3
7 11 17 21 26 31 +3
7 11 18 26 29 31 +6
7 11 20 21 26 31 +3
7 11 20 21 26 33 +3
7 11 21 26 29 31 +3
7 11 21 26 31 32 +3
7 11 21 26 31 33 +3
7 12 13 15 19 28 +11
7 12 13 16 17 21 +1
7 12 13 17 19 28 +11
7 12 14 24 26 29 +3
7 12 15 19 28 29 +11
7 12 16 17 19 21 +1
7 12 16 17 21 29 +1
7 12 19 25 26 28 +13
7 12 21 25 26 28 +13
7 12 23 24 26 29 +3
7 13 16 17 19 26 +11
7 13 17 19 22 28 +11
7 13 17 19 22 29 +11
7 13 17 19 26 28 +11
7 13 17 19 26 31 +11
7 13 19 22 26 28 +9
7 14 18 20 25 30 +6
7 14 18 20 30 33 +6
7 14 18 22 25 30 +6
7 14 18 24 26 29 +3
7 14 18 25 30 33 +6
7 14 18 27 30 33 +6
7 14 18 30 31 33 +6
7 14 23 24 26 29 +3
7 14 23 25 26 29 +3
7 14 23 26 29 31 +3
7 14 24 25 26 28 +3
7 14 24 25 26 29 +3
7 14 24 26 29 31 +3
7 14 25 26 28 29 +3
7 14 25 26 28 31 +10
7 15 20 21 26 31 +3
7 16 17 18 25 30 +6
7 16 17 19 21 29 +1
7 16 17 21 25 29 +1
7 16 18 22 25 30 +6
7 16 18 22 25 30 +12
7 18 25 27 30 33 +6
7 18 25 29 30 33 +6
7 18 25 30 31 33 +6
7 18 27 30 31 33 +6
7 23 24 26 29 31 +3
8 9 11 20 21 26 +3
8 9 11 21 24 26 +3
8 9 11 21 26 31 +3
8 10 18 20 27 31 +6
8 11 13 14 19 22 +9
8 11 15 20 21 24 +6
8 11 15 20 21 27 +2
8 11 15 20 21 27 +6
8 11 15 20 21 27 +11
8 11 15 20 21 29 +6
8 11 15 20 21 31 +3
8 11 15 20 21 31 +6
8 11 16 20 23 24 +11
8 11 18 19 20 27 +9
8 11 18 22 27 29 +6
8 11 18 22 28 29 +6
8 11 20 21 23 24 +11
8 11 20 21 26 27 +3
8 11 20 21 26 29 +3
8 11 20 21 26 31 +3
8 11 20 21 26 31 +6
8 11 20 21 27 29 +6
8 11 20 21 29 31 +3
8 11 20 21 29 31 +6
8 11 21 26 29 31 +3
8 12 13 15 28 29 +11
8 12 13 19 28 29 +1
8 12 13 19 28 29 +5
8 12 13 19 28 29 +11
8 12 13 19 28 29 +13
8 12 13 28 29 30 +11
8 12 14 24 26 29 +3
8 12 15 24 29 31 +9
8 12 18 19 28 29 +11
8 12 18 22 28 29 +11
8 12 19 21 25 28 +13
8 12 19 21 28 29 +11
8 12 19 24 29 31 +9
8 12 19 25 26 28 +13
8 12 19 25 28 29 +13
8 12 21 25 26 28 +13
8 12 23 24 26 29 +3
8 12 24 26 27 29 +9
8 12 24 26 29 31 +3
8 12 24 26 29 31 +9
8 12 24 27 29 31 +9
8 12 25 26 28 29 +13
8 13 19 23 28 29 +5
8 13 25 28 29 30 +11
8 14 19 22 28 33 +9
8 14 23 24 26 29 +3
8 14 24 25 26 29 +3
8 14 24 26 29 31 +3
8 14 24 26 29 32 +3
8 15 19 24 28 33 +9
8 17 24 27 29 30 +9
8 18 19 20 27 31 +6
8 18 19 21 27 31 +6
8 19 22 24 28 33 +9
8 20 26 27 28 33 +9
8 21 24 26 29 31 +3
8 23 24 26 29 31 +3
8 24 26 29 30 31 +3
8 24 26 29 31 32 +3
9 10 11 17 23 24 +5
9 10 11 20 21 26 +3
9 10 11 21 24 26 +3
9 10 11 21 26 31 +3
9 10 12 13 19 28 +11
9 10 13 17 27 30 +4
9 10 13 17 28 30 +4
9 10 13 17 28 30 +6
9 10 13 17 28 30 +11
9 10 14 15 19 33 +3
9 11 12 17 23 24 +5
9 11 12 20 21 26 +3
9 11 12 21 23 26 +3
9 11 12 21 26 29 +3
9 11 12 21 26 31 +3
9 11 12 21 26 32 +3
9 11 12 21 26 33 +3
9 11 12 23 24 26 +3
9 11 12 24 26 29 +3
9 11 12 24 26 31 +3
9 11 13 20 21 26 +3
9 11 13 21 24 26 +3
9 11 13 21 26 31 +3
9 11 14 15 21 33 +3
9 11 14 15 26 33 +3
9 11 14 20 21 26 +3
9 11 14 21 23 26 +3
9 11 14 21 24 26 +3
9 11 14 21 26 29 +3
9 11 14 21 26 31 +3
9 11 14 21 26 32 +3
9 11 14 21 26 33 +3
9 11 14 23 24 26 +3
9 11 14 23 26 33 +3
9 11 14 24 26 29 +3
9 11 14 24 26 33 +3
9 11 15 20 21 26 +3
9 11 15 20 21 31 +3
9 11 15 21 24 26 +3
9 11 15 21 26 31 +3
9 11 15 21 26 32 +3
9 11 15 21 26 33 +3
9 11 16 20 21 26 +3
9 11 16 21 24 26 +3
9 11 16 21 26 31 +3
9 11 17 20 21 26 +3
9 11 17 21 23 24 +5
9 11 17 21 23 26 +3
9 11 17 21 24 26 +3
9 11 17 21 24 26 +7
9 11 17 21 26 31 +3
9 11 17 21 26 31 +7
9 11 17 21 26 32 +3
9 11 18 20 21 26 +3
9 11 18 21 24 26 +3
9 11 18 21 26 31 +3
9 11 19 20 21 26 +3
9 11 19 21 24 26 +3
9 11 19 21 26 31 +3
9 11 20 21 22 26 +3
9 11 20 21 23 26 +3
9 11 20 21 24 26 +3
9 11 20 21 25 26 +3
9 11 20 21 26 27 +3
9 11 20 21 26 28 +3
9 11 20 21 26 29 +3
9 11 20 21 26 30 +3
9 11 20 21 26 31 +3
9 11 20 21 26 32 +3
9 11 20 21 26 33 +3
9 11 21 22 24 26 +3
9 11 21 22 26 31 +3
9 11 21 22 26 32 +3
9 11 21 23 24 26 +3
9 11 21 23 24 26 +5
9 11 21 23 26 29 +3
9 11 21 23 26 31 +3
9 11 21 23 26 32 +3
9 11 21 24 25 26 +3
9 11 21 24 26 27 +3
9 11 21 24 26 28 +3
9 11 21 24 26 29 +3
9 11 21 24 26 30 +3
9 11 21 24 26 31 +3
9 11 21 24 26 32 +3
9 11 21 24 26 33 +3
9 11 21 25 26 31 +3
9 11 21 26 27 31 +3
9 11 21 26 28 31 +3
9 11 21 26 29 31 +3
9 11 21 26 29 32 +3
9 11 21 26 29 33 +3
9 11 21 26 30 31 +3
9 11 21 26 31 32 +3
9 11 21 26 31 33 +3
9 11 21 26 32 33 +3
9 11 21 26 32 33 +12
9 11 23 24 26 29 +3
9 11 23 24 26 30 +3
9 11 23 24 26 33 +3
9 11 24 26 29 31 +3
9 11 24 26 29 33 +3
9 12 13 14 19 28 +11
9 12 13 15 19 28 +11
9 12 13 17 19 28 +11
9 12 13 19 20 28 +11
9 12 13 19 22 28 +11
9 12 13 19 28 29 +11
9 12 14 23 24 26 +3
9 12 14 24 26 29 +3
9 12 15 19 28 29 +11
9 12 17 23 24 26 +5
9 12 19 21 25 28 +13
9 12 21 23 24 26 +3
9 12 21 24 26 29 +3
9 12 21 26 29 31 +3
9 12 23 24 26 29 +3
9 12 23 24 26 29 +5
9 12 24 26 29 30 +3
9 12 24 26 29 31 +3
9 12 24 26 29 31 +9
9 12 24 26 29 33 +3
9 13 17 19 22 28 +11
9 13 17 19 22 28 +13
9 14 15 16 26 33 +3
9 14 15 21 26 33 +3
9 14 15 23 24 26 +3
9 14 15 23 24 29 +3
9 14 15 23 24 33 +3
9 14 15 23 26 33 +3
9 14 15 24 26 29 +3
9 14 16 23 24 26 +3
9 14 21 23 24 26 +3
9 14 21 24 26 29 +3
9 14 21 26 29 33 +3
9 14 23 24 25 26 +3
9 14 23 24 26 33 +3
9 14 23 26 29 33 +3
9 14 24 25 26 29 +3
9 14 24 26 29 30 +3
9 14 24 26 29 31 +3
9 14 24 26 29 32 +3
9 14 24 26 29 33 +3
9 15 23 24 26 29 +3
9 17 21 23 24 26 +5
9 17 23 24 26 29 +3
9 20 23 24 26 29 +3
9 21 23 24 26 29 +3
9 21 24 26 29 31 +3
9 21 24 26 29 33 +3
9 23 24 26 29 30 +3
9 23 24 26 29 31 +3
9 23 24 26 29 32 +3
9 23 24 26 29 33 +3
9 24 26 29 30 31 +3
9 24 26 29 31 32 +3
10 11 12 17 23 24 +5
10 11 12 21 23 24 +5
10 11 17 21 23 24 +5
10 11 17 23 24 26 +5
10 11 18 22 27 29 +6
10 11 18 22 28 29 +6
10 12 13 17 22 30 +4
10 12 13 17 27 30 +4
10 12 13 17 28 30 +4
10 12 13 17 28 32 +4
10 12 13 17 30 32 +4
10 12 13 19 28 32 +4
10 12 13 27 28 32 +4
10 12 15 19 28 29 +11
10 12 17 28 30 32 +4
10 12 23 24 26 29 +3
10 12 27 28 30 32 +4
10 13 14 17 22 30 +4
10 13 14 17 27 30 +4
10 13 14 17 30 32 +4
10 13 14 22 25 32 +12
10 13 15 17 22 30 +4
10 13 15 17 27 30 +4
10 13 15 17 28 30 +4
10 13 17 19 27 30 +4
10 13 17 19 28 30 +4
10 13 17 19 28 32 +1
10 13 17 19 28 32 +11
10 13 17 20 28 30 +11
10 13 17 22 24 30 +4
10 13 17 22 27 30 +4
10 13 17 22 28 30 +4
10 13 17 22 30 32 +4
10 13 17 24 27 30 +4
10 13 17 27 28 30 +4
10 13 17 27 29 30 +4
10 13 17 27 30 32 +4
10 13 17 28 29 30 +4
10 13 20 28 29 30 +11
10 14 23 24 26 29 +3
10 14 24 25 26 29 +3
10 14 24 26 29 31 +3
10 17 24 27 28 30 +4
10 23 24 26 29 31 +3
11 12 14 24 26 29 +3
11 12 15 21 26 31 +3
11 12 17 21 23 24 +5
11 12 17 23 24 26 +5
11 12 18 22 28 29 +6
11 12 21 24 26 31 +3
11 12 21 26 29 31 +3
11 12 21 26 31 32 +3
11 12 23 24 26 29 +3
11 12 24 26 29 31 +9
11 13 14 19 22 28 +9
11 13 18 19 26 28 +12
11 13 19 22 26 28 +9
11 14 21 23 24 26 +3
11 14 23 24 26 29 +3
11 14 24 26 29 31 +3
11 15 20 21 22 31 +3
11 15 20 21 26 31 +3
11 15 20 21 26 31 +6
11 15 21 22 26 31 +3
11 15 21 24 26 31 +3
11 15 21 26 29 31 +3
11 15 21 26 31 32 +3
11 15 21 26 31 33 +3
11 17 21 23 24 26 +3
11 17 21 23 24 26 +5
11 17 23 24 26 29 +3
11 18 20 22 28 29 +6
11 18 20 22 29 30 +6
11 18 22 26 28 29 +6
11 18 22 27 28 29 +6
11 18 22 28 29 30 +6
11 20 21 26 27 28 +3
11 20 21 26 27 33 +3
11 20 21 26 28 33 +3
11 20 21 26 29 31 +3
11 20 21 26 31 32 +3
11 20 21 26 31 33 +3
11 20 23 24 26 29 +3
11 21 23 24 26 29 +3
11 21 24 26 29 31 +3
11 21 24 26 31 32 +3
11 21 26 29 31 32 +3
11 21 26 29 31 33 +3
11 21 26 31 32 33 +3
11 23 24 26 29 30 +3
11 23 24 26 29 31 +3
12 13 14 19 22 28 +9
12 13 14 24 26 29 +3
12 13 15 17 19 28 +11
12 13 15 19 24 28 +11
12 13 15 19 28 29 +11
12 13 17 19 22 28 +13
12 13 19 21 25 28 +13
12 13 19 22 23 28 +9
12 13 19 22 26 28 +9
12 13 19 22 26 28 +13
12 13 19 23 26 28 +9
12 13 19 23 28 29 +5
12 13 19 25 26 28 +13
12 13 19 25 28 29 +13
12 13 19 26 28 29 +1
12 13 19 26 28 29 +5
12 13 19 26 28 29 +9
12 13 19 26 28 29 +13
12 13 19 28 29 30 +2
12 13 19 28 29 30 +5
12 13 22 28 29 30 +15
12 13 23 24 26 29 +3
12 13 25 28 29 30 +11
12 14 15 19 28 29 +11
12 14 15 23 24 29 +3
12 14 15 24 26 29 +3
12 14 17 24 26 29 +3
12 14 18 24 26 29 +3
12 14 19 24 26 29 +3
12 14 20 23 24 29 +3
12 14 20 24 26 29 +3
12 14 21 24 26 29 +3
12 14 23 24 26 29 +3
12 14 23 24 26 29 +9
12 14 23 24 29 31 +3
12 14 23 26 29 31 +3
12 14 24 25 26 29 +3
12 14 24 26 27 29 +3
12 14 24 26 28 29 +3
12 14 24 26 29 30 +3
12 14 24 26 29 31 +3
12 14 24 26 29 31 +9
12 14 24 26 29 32 +3
12 14 24 26 29 33 +3
12 14 26 29 30 31 +3
12 15 18 19 28 29 +11
12 15 19 22 28 29 +11
12 15 19 24 29 31 +9
12 15 19 25 28 29 +11
12 15 19 26 28 29 +11
12 15 23 24 26 29 +3
12 15 23 24 29 31 +9
12 15 24 26 29 31 +9
12 15 24 30 31 32 +9
12 16 23 24 26 29 +3
12 17 21 23 24 26 +5
12 17 23 24 26 29 +3
12 17 24 26 29 31 +9
12 17 24 29 30 31 +9
12 18 19 22 28 29 +6
12 18 19 22 28 29 +11
12 18 22 23 28 29 +11
12 18 22 28 29 30 +11
12 18 22 28 29 30 +15
12 18 22 28 29 31 +11
12 18 23 24 26 29 +3
12 19 21 25 26 28 +13
12 19 21 26 29 31 +3
12 19 22 23 26 28 +9
12 19 22 26 28 29 +9
12 19 23 24 26 29 +3
12 19 23 26 28 29 +9
12 19 23 26 28 33 +9
12 19 24 26 29 31 +3
12 19 24 26 29 31 +9
12 19 25 26 28 29 +13
12 20 21 26 29 31 +3
12 20 23 24 26 29 +3
12 21 23 24 26 29 +3
12 21 24 26 29 31 +3
12 21 24 26 29 31 +9
12 22 23 24 26 29 +3
12 23 24 25 26 29 +3
12 23 24 26 27 29 +3
12 23 24 26 28 29 +3
12 23 24 26 29 30 +3
12 23 24 26 29 31 +3
12 23 24 26 29 31 +9
12 23 24 26 29 32 +3
12 23 24 26 29 33 +3
12 24 25 26 29 31 +9
12 24 26 27 29 31 +9
12 24 26 28 29 31 +9
12 24 26 29 30 31 +3
12 24 26 29 30 31 +9
12 24 26 29 31 32 +3
12 24 26 29 31 32 +9
12 25 26 27 28 29 +9
13 14 18 20 22 30 +6
13 14 18 20 22 30 +16
13 14 19 22 24 28 +9
13 14 19 22 28 33 +9
13 14 23 24 26 29 +3
13 14 24 26 29 31 +3
13 15 17 20 24 28 +11
13 15 19 23 24 28 +9
13 16 18 19 26 28 +12
13 17 19 20 24 28 +11
13 17 19 22 24 28 +11
13 17 19 22 26 28 +11
13 17 19 23 24 28 +5
13 17 20 28 29 30 +11
13 17 25 28 29 30 +11
13 17 27 28 29 30 +4
13 17 27 28 29 30 +11
13 17 27 28 30 32 +4
13 18 19 22 26 28 +9
13 18 19 23 26 28 +9
13 18 19 23 26 28 +12
13 18 19 24 26 28 +9
13 18 19 26 28 32 +12
13 18 22 28 29 30 +15
13 19 22 23 24 28 +9
13 19 22 23 26 28 +9
13 19 22 23 28 29 +5
13 19 22 24 28 33 +9
13 19 22 26 28 29 +9
13 19 22 26 28 33 +9
13 19 23 24 26 28 +9
13 19 23 26 27 28 +9
13 19 23 26 28 33 +9
13 19 23 28 29 30 +5
13 19 25 28 29 30 +11
13 20 22 28 29 30 +11
13 20 25 28 29 30 +11
13 22 25 28 29 30 +11
13 22 27 28 29 30 +11
13 22 27 28 29 30 +15
13 23 24 26 29 31 +3
13 24 27 28 29 30 +9
14 15 17 28 29 30 +2
14 15 23 24 26 29 +3
14 15 24 25 26 29 +3
14 15 24 25 26 29 +6
14 15 24 26 29 30 +3
14 15 24 26 29 31 +3
14 16 23 24 26 29 +3
14 16 24 26 29 31 +3
14 17 23 24 26 29 +3
14 17 24 26 29 30 +3
14 17 24 26 29 31 +3
14 18 20 22 30 33 +6
14 18 23 24 26 29 +3
14 18 24 25 26 29 +3
14 18 24 26 29 31 +3
14 19 23 24 26 29 +3
14 19 24 26 29 31 +3
14 20 23 24 26 29 +3
14 20 24 26 29 31 +3
14 21 23 24 26 29 +3
14 21 23 26 29 31 +3
14 21 24 26 29 31 +3
14 21 24 26 29 32 +3
14 22 23 24 26 29 +3
14 22 24 26 29 31 +3
14 23 24 25 26 29 +3
14 23 24 25 26 29 +6
14 23 24 26 27 29 +3
14 23 24 26 28 29 +3
14 23 24 26 29 31 +3
14 23 24 26 29 32 +3
14 23 24 26 29 33 +3
14 23 26 29 31 32 +3
14 24 25 26 28 29 +3
14 24 25 26 29 30 +3
14 24 25 26 29 31 +3
14 24 25 26 29 32 +3
14 24 26 27 29 31 +3
14 24 26 28 29 31 +3
14 24 26 29 30 31 +3
14 24 26 29 30 32 +3
14 24 26 29 31 32 +3
14 24 26 29 31 33 +3
15 18 19 26 28 32 +14
15 18 19 27 28 32 +6
15 18 19 27 28 32 +12
15 20 21 22 26 31 +3
15 20 22 24 28 33 +9
15 22 23 24 28 33 +9
15 22 24 26 28 33 +9
15 23 24 26 29 31 +3
16 17 18 22 25 30 +12
16 18 22 28 29 30 +15
16 23 24 26 29 31 +3
17 22 27 28 29 30 +15
17 23 24 26 29 30 +3
17 23 24 26 29 31 +3
18 22 27 28 29 30 +6
18 22 27 28 29 30 +15
18 23 24 26 29 31 +3
19 23 24 26 29 31 +3
20 21 24 26 29 31 +3
20 23 24 26 28 29 +3
20 23 24 26 29 31 +3
20 24 26 27 28 33 +9
21 23 24 26 29 31 +3
21 23 24 26 29 32 +3
21 24 26 29 30 31 +3
22 23 24 26 29 31 +3
22 24 27 28 29 30 +15
23 24 25 26 29 31 +3
23 24 26 27 29 31 +3
23 24 26 28 29 31 +3
23 24 26 29 30 31 +3
23 24 26 29 30 32 +3
23 24 26 29 31 32 +3
23 24 26 29 31 33 +3
24 26 29 30 31 32 +3
